14490304, 11506557, 11439695
14500540, 11508556, 11449823
14477600, 11498746, 11427515
14490381, 11500828, 11437584
14484786, 11492610, 11427910
14474446, 11478356, 11419223
14436231, 11460200, 11386177
14429348, 11452500, 11384310
14382708, 11435015, 11344199
14394571, 11436539, 11356714
14388855, 11426983, 11351292
14388578, 11418955, 11348514
14355379, 11405344, 11315292
14365034, 11404727, 11325277
14329711, 11392424, 11293555
14342384, 11397509, 11305960
14345689, 11398137, 11311267
14345459, 11399187, 11314844
14326544, 11397103, 11298273
14341514, 11403522, 11314223
14316913, 11394952, 11295784
14331212, 11398455, 11307980
14317810, 11390964, 11303340
14299161, 11373150, 11290880
14216382, 11342107, 11236132
14188943, 11296712, 11200811
14138412, 11246762, 11133981
14152905, 11249639, 11147569
14135052, 11208344, 11132554
14115827, 11188070, 11117702
14069357, 11167071, 11071125
14090961, 11151864, 11089721
14055258, 11123113, 11052435
14066884, 11127600, 11061809
14063907, 11114447, 11059223
14040765, 11094917, 11038778
13999677, 11081016, 11002634
14025470, 11085639, 11034512
13999744, 11080691, 11006360
14009085, 11084136, 11016757
14012667, 11077005, 11018361
14013793, 11077301, 11018726
13975951, 11066223, 10987759
14007298, 11080575, 11017756
13990768, 11084825, 10999424
13999668, 11084850, 11008102
14022604, 11110544, 11030494
14092098, 11148257, 11106831
14107426, 11172268, 11121291
14131150, 11198900, 11149914
14114240, 11219169, 11138116
14119723, 11219295, 11144356
14127269, 11223268, 11154409
14145011, 11229324, 11167326
14125688, 11228928, 11149458
14157941, 11253900, 11178197
14153623, 11263225, 11176900
14165191, 11265813, 11191619
14200547, 11296914, 11233970
14250460, 11342800, 11283003
14263435, 11377616, 11291732
14310651, 11412826, 11338838
14307435, 11427937, 11337320
14318185, 11428438, 11346718
14340966, 11442305, 11366018
14351399, 11451888, 11373708
14349734, 11458999, 11369904
14382497, 11477585, 11399554
14375145, 11477799, 11391117
14381755, 11478100, 11396158
14389804, 11474613, 11399911
14396698, 11473044, 11402404
14371562, 11457982, 11377916
14381221, 11451954, 11381846
14369192, 11445366, 11361259
14377564, 11445709, 11371822
14376844, 11443152, 11370483
14395043, 11448844, 11386234
14379796, 11447873, 11365598
14406269, 11459179, 11381219
14401960, 11463432, 11367048
14412263, 11466308, 11376345
14432797, 11468649, 11381938
14448714, 11469175, 11385105
14435458, 11460637, 11365708
14463043, 11467528, 11382630
14450557, 11464147, 11369270
14462125, 11467497, 11379389
14473016, 11472461, 11386545
14493221, 11486743, 11404636
14468765, 11478785, 11382244
14484222, 11486152, 11399988
14466937, 11484262, 11388705
14479343, 11487663, 11402565
14499414, 11501859, 11422827
14518909, 11511318, 11437582
14498469, 11508887, 11414839
14526626, 11518237, 11436810
14520920, 11521403, 11426211
14521304, 11521031, 11425368
14555382, 11529716, 11448593
14544693, 11530234, 11435310
14552841, 11539068, 11444135
14581159, 11546121, 11472744
14550254, 11542056, 11447163
14550181, 11541191, 11447585
14576314, 11549504, 11478842
14551566, 11551050, 11467952
14574885, 11564966, 11497056
14554403, 11568627, 11490437
14556152, 11576318, 11496291
14549669, 11574021, 11489603
14579126, 11585101, 11518774
14568898, 11577808, 11505654
14580268, 11575603, 11508799
14575378, 11577276, 11500022
14588646, 11575946, 11510007
14589413, 11574586, 11509261
14600823, 11576357, 11519400
14563846, 11557932, 11487058
14542567, 11546521, 11476384
14548165, 11545184, 11484634
14502043, 11528032, 11439308
14513185, 11528808, 11447329
14524225, 11524799, 11456144
14516575, 11503777, 11450218
14463784, 11475617, 11399747
14473615, 11475150, 11410561
14451519, 11469375, 11391442
14467855, 11470554, 11407670
14456368, 11478650, 11418116
14452298, 11484491, 11423451
14408664, 11485442, 11382319
14424455, 11497958, 11395703
14405583, 11497960, 11374301
14423610, 11499644, 11390301
14432599, 11499886, 11395820
14439425, 11502200, 11402461
14419557, 11496242, 11378925
14450028, 11507520, 11408636
14439540, 11508269, 11399129
14450266, 11507356, 11406341
14434298, 11509106, 11385748
14462140, 11521479, 11404861
14487040, 11539211, 11421834
14528987, 11559091, 11452748
14513766, 11557031, 11430765
14528622, 11556867, 11446503
14542421, 11563699, 11458111
14551758, 11572586, 11473047
14518436, 11565556, 11445123
14529143, 11571232, 11460698
14501712, 11569560, 11443563
14521081, 11577033, 11459809
14527516, 11583644, 11469462
14535326, 11593802, 11477611
14517135, 11590228, 11455451
14539044, 11600140, 11473858
14522399, 11593878, 11454702
14534357, 11596447, 11465363
14538521, 11598419, 11470076
14544607, 11601558, 11482250
14519154, 11596831, 11466110
14551154, 11615439, 11500582
14543861, 11620413, 11494060
14553149, 11622658, 11504112
14573933, 11632853, 11517301
14576920, 11633355, 11516259
14549603, 11620897, 11489484
14573232, 11631219, 11515568
14566427, 11640033, 11514300
14579897, 11643307, 11525948
14585454, 11650911, 11535314
14581016, 11648575, 11532621
14566691, 11646981, 11519933
14598042, 11660975, 11549276
14589223, 11663454, 11542307
14600788, 11667214, 11553007
14609918, 11676199, 11562683
14619835, 11683727, 11574903
14598132, 11681105, 11557245
14626660, 11691553, 11585635
14606302, 11687380, 11564903
14613260, 11687671, 11572754
14617882, 11685276, 11577609
14612869, 11672966, 11576656
14573493, 11654374, 11541529
14570772, 11643009, 11542470
14532114, 11624790, 11503893
14542956, 11627416, 11513691
14526918, 11613515, 11501822
14524609, 11601048, 11498426
14462793, 11562612, 11438989
14463807, 11539180, 11435750
14412112, 11504665, 11380295
14423042, 11508029, 11393814
14413626, 11487092, 11389171
14388034, 11465768, 11366593
14341482, 11448045, 11328161
14358831, 11438425, 11341531
14324618, 11430602, 11312931
14329045, 11430658, 11319099
14325610, 11427005, 11316922
14318727, 11421874, 11308184
14289430, 11410505, 11280032
14327955, 11417430, 11314593
14304978, 11408706, 11291141
14313310, 11409443, 11298308
14343661, 11423311, 11326078
14352502, 11428020, 11334775
14326995, 11425052, 11313145
14356706, 11434656, 11338384
14337531, 11430856, 11322937
14348745, 11431984, 11336596
14355168, 11433585, 11343703
14361445, 11435673, 11348657
14344680, 11433669, 11333539
14364450, 11443389, 11348984
14349519, 11444538, 11336806
14365107, 11450357, 11354366
14373366, 11452977, 11360241
14371147, 11451504, 11358007
14333710, 11439452, 11326441
14355794, 11443351, 11346570
14334379, 11436223, 11327524
14348791, 11439051, 11338944
14358614, 11441741, 11343345
14356740, 11440421, 11339473
14336164, 11430206, 11318374
14360804, 11437675, 11337757
14356297, 11438766, 11331334
14367887, 11443280, 11342131
14370615, 11450431, 11345953
14402238, 11459626, 11369789
14397884, 11464519, 11362547
14429663, 11477734, 11389263
14419543, 11476219, 11375244
14428499, 11476282, 11382315
14424722, 11472167, 11370632
14445554, 11472371, 11380927
14423046, 11458421, 11355778
14436782, 11461954, 11369432
14420792, 11461926, 11358165
14428491, 11462765, 11367269
14427987, 11463915, 11368844
14439318, 11462790, 11385855
14409851, 11458892, 11363852
14389823, 11459668, 11371271
14331484, 11466102, 11353597
14331271, 11466285, 11354264
14286986, 11500178, 11391301
14263524, 11501479, 11402436
14227606, 11479612, 11373044
14218481, 11440083, 11357649
14149966, 11399896, 11304703
14146113, 11398033, 11300694
14129673, 11374680, 11294362
14074343, 11344782, 11246943
14064686, 11333723, 11245841
14060141, 11313735, 11246780
14018728, 11278619, 11201240
14030207, 11279498, 11212225
14009441, 11243556, 11179850
14047916, 11232268, 11172211
14097925, 11286252, 11198851
14055764, 11262295, 11199178
13963744, 11220508, 11154995
13975196, 11226542, 11166755
13873710, 11201438, 11139396
13779135, 11194695, 11128302
13721450, 11188461, 11102723
13730777, 11177870, 11105028
13734407, 11206346, 11116710
13742753, 11208329, 11124928
13736600, 11219379, 11132721
13770156, 11248973, 11163318
13794761, 11278212, 11179141
13839407, 11309337, 11214969
13825817, 11307165, 11194955
13841071, 11306104, 11207190
13843981, 11315368, 11216007
13852366, 11317784, 11238750
13820693, 11305356, 11217911
13862055, 11281287, 11216035
13938350, 11259223, 11204241
13949118, 11263472, 11217392
14081637, 11322206, 11277320
14149818, 11370887, 11313678
14039539, 11292137, 11221743
14042511, 11291266, 11222088
14034063, 11280827, 11202166
14043187, 11281640, 11212674
14050108, 11284071, 11212348
14036952, 11282295, 11203525
14020948, 11280975, 11187173
14045329, 11291445, 11211004
14031148, 11301426, 11203332
14031639, 11301393, 11203261
14066675, 11322935, 11243429
14067708, 11342513, 11253110
14089587, 11371494, 11283221
14109899, 11381654, 11302772
14108462, 11382412, 11290852
14124027, 11387544, 11305197
14144176, 11384772, 11311196
14143685, 11367084, 11300100
14108530, 11342254, 11249270
14132816, 11338662, 11280232
14091407, 11330421, 11251214
14104393, 11337711, 11264898
14098009, 11353202, 11283583
14096146, 11368924, 11296918
14066241, 11348776, 11260817
14100937, 11348851, 11285191
14101334, 11327062, 11247038
14111672, 11329951, 11258155
14175880, 11322072, 11268207
14219018, 11316993, 11273810
14208089, 11308849, 11246200
14225251, 11308524, 11258547
14203663, 11304445, 11240980
14213469, 11305335, 11250449
14219597, 11315306, 11272165
14210464, 11316161, 11273422
14166250, 11303203, 11240066
14175605, 11304649, 11250367
14160212, 11297117, 11234362
14170870, 11298025, 11242653
14194192, 11300047, 11256811
14191520, 11299508, 11250332
14168643, 11290167, 11225688
14191129, 11295746, 11252266
14162256, 11288965, 11230450
14171726, 11290759, 11239184
14187123, 11301067, 11256091
14176276, 11299536, 11251628
14150665, 11292995, 11229498
14176542, 11295708, 11250962
14161885, 11291243, 11231894
14171880, 11292183, 11239643
14181106, 11294774, 11247685
14190666, 11298345, 11252695
14162169, 11297133, 11233642
14175313, 11305425, 11253941
14153872, 11304913, 11242020
14167444, 11308486, 11252263
14159002, 11306405, 11255346
14149874, 11308369, 11261937
14117192, 11308828, 11248522
14119933, 11315878, 11266857
14091839, 11311681, 11240996
14102334, 11312622, 11250603
14112781, 11318020, 11260721
14136083, 11324929, 11273014
14110325, 11315366, 11238969
14130128, 11319871, 11252397
14114766, 11313101, 11232336
14122459, 11314473, 11242391
14137295, 11313999, 11254880
14133198, 11309939, 11247275
14106123, 11302362, 11222981
14124689, 11304214, 11239108
14114316, 11303413, 11229752
14127623, 11307799, 11242573
14125406, 11311599, 11242624
14135141, 11313848, 11249947
14110166, 11303595, 11225606
14117666, 11305332, 11239099
14088908, 11299929, 11221053
14098494, 11301932, 11227536
14084639, 11321806, 11241272
14098921, 11373892, 11282253
14101014, 11415887, 11302263
14118185, 11436475, 11331211
14090733, 11448689, 11315860
14098505, 11450230, 11324108
14114621, 11458425, 11346361
14124728, 11448099, 11347691
14107373, 11440375, 11324334
14114407, 11430791, 11328454
14096501, 11418757, 11303686
14107914, 11420577, 11315109
14120843, 11401114, 11306603
14137419, 11377577, 11295068
14125357, 11340818, 11249569
14146682, 11329817, 11250324
14147504, 11324416, 11247457
14155952, 11326097, 11253279
14160807, 11332739, 11257321
14167621, 11334229, 11260707
14160654, 11304933, 11231894
14178491, 11280388, 11236982
14160133, 11269160, 11209773
14167160, 11271619, 11217431
14174783, 11274239, 11228670
14179069, 11277549, 11231974
14161723, 11271990, 11214021
14173341, 11282165, 11233082
14151754, 11297714, 11227158
14154816, 11299168, 11231740
14145016, 11317188, 11251053
14123715, 11331801, 11261128
14091782, 11340660, 11252457
14091772, 11368449, 11284827
14082780, 11385635, 11292479
14094602, 11393050, 11303925
14097269, 11404284, 11318422
14109716, 11413594, 11334629
14098771, 11417625, 11326192
14139822, 11431734, 11357964
14134031, 11434359, 11341192
14145721, 11437588, 11352583
14171123, 11446926, 11375241
14198121, 11452228, 11390249
14162185, 11446547, 11360454
14187838, 11453973, 11387290
14154528, 11448409, 11357830
14162930, 11451084, 11368811
14154581, 11451969, 11369772
14158565, 11447427, 11383138
14112091, 11437414, 11347261
14112429, 11429896, 11358266
14056617, 11405851, 11312990
14065222, 11410196, 11323229
14060797, 11397827, 11326945
14057698, 11391231, 11323232
14011802, 11373506, 11282876
14026802, 11366089, 11290732
13995407, 11344486, 11254867
14010914, 11346995, 11270475
14020217, 11336384, 11268381
14018673, 11327617, 11257700
13978721, 11316710, 11216267
14015431, 11315962, 11254460
13984976, 11315635, 11230413
13993673, 11318121, 11238455
14028405, 11341554, 11281203
14040036, 11365363, 11299224
14027222, 11374503, 11290665
14060242, 11390643, 11321521
14033862, 11389806, 11304058
14044156, 11390464, 11314638
14070162, 11401197, 11338216
14104076, 11416995, 11360954
14078488, 11419575, 11334850
14113564, 11434965, 11361943
14105987, 11442927, 11347768
14114472, 11442368, 11356739
14131076, 11461052, 11373965
14137149, 11468924, 11369606
14157880, 11477955, 11379057
14192465, 11489128, 11409731
14177425, 11493004, 11394586
14192507, 11497392, 11408496
14207698, 11504532, 11422507
14216961, 11510888, 11428895
14199438, 11509496, 11409260
14219178, 11512253, 11426133
14205697, 11510996, 11417401
14214308, 11509815, 11425398
14211599, 11509868, 11430690
14205131, 11507964, 11439826
14144413, 11477159, 11398451
14145374, 11473363, 11406688
14112868, 11474735, 11389385
14121940, 11476537, 11397435
14151723, 11498220, 11426213
14168887, 11510355, 11440299
14139661, 11505807, 11415543
14150407, 11500104, 11422837
14129068, 11492622, 11401178
14142973, 11495413, 11415259
14152069, 11505288, 11425406
14159155, 11512783, 11431103
14131318, 11508304, 11404851
14161561, 11511368, 11429055
14135390, 11502095, 11400950
14149155, 11506269, 11414746
14160991, 11513700, 11426782
14166787, 11519865, 11436581
14139740, 11511561, 11409344
14154511, 11512180, 11422376
14124683, 11499899, 11394370
14139600, 11501245, 11410117
14150026, 11502709, 11419468
14162468, 11507983, 11430967
14141183, 11502984, 11412004
14158439, 11505146, 11428750
14368258, 11733514, 11648665
14367981, 11734775, 11648002
14381605, 11738522, 11658464
14365648, 11735414, 11644247
14380702, 11737731, 11659544
14363450, 11732165, 11642436
14355660, 11722264, 11637518
14352555, 11722242, 11634784
14374160, 11731202, 11657864
14367235, 11729922, 11651284
14392243, 11729493, 11663969
14386340, 11736341, 11656973
14407550, 11750763, 11675085
14414554, 11751986, 11680904
14439665, 11766857, 11703840
14436465, 11767845, 11700599
14416584, 11758085, 11682619
14410845, 11750697, 11675684
14411102, 11734650, 11671377
14404291, 11731224, 11664888
14419065, 11732457, 11678280
14401771, 11726932, 11664190
14404874, 11724896, 11663733
14395560, 11721998, 11655744
14386387, 11719139, 11647400
14393944, 11720455, 11653864
14383564, 11717547, 11646378
14383718, 11721236, 11650878
14370490, 11717880, 11641053
14366104, 11718239, 11641641
14364535, 11713912, 11641109
14361157, 11712505, 11638749
14373630, 11719226, 11654305
14360586, 11720426, 11646940
14356594, 11722117, 11647239
14365199, 11724522, 11658949
14334933, 11717332, 11635895
14347267, 11721083, 11647030
14358724, 11727957, 11661070
14366297, 11732523, 11668754
14344534, 11728593, 11651165
14352460, 11728906, 11659653
14330619, 11722878, 11646372
14345680, 11727774, 11659424
14327283, 11721647, 11652968
14313281, 11709170, 11645854
14253730, 11688521, 11608184
14248220, 11689614, 11614727
14224987, 11693698, 11593852
14235955, 11693445, 11599420
14241723, 11691881, 11603340
14260329, 11683109, 11606264
14255639, 11666072, 11580876
14292707, 11675837, 11599193
14270647, 11672454, 11581644
14270189, 11671629, 11580979
14272979, 11677371, 11584247
14285607, 11671933, 11588063
14288580, 11670748, 11580218
14315576, 11691403, 11600173
14354525, 11718204, 11637577
14351421, 11714979, 11634100
14375675, 11737266, 11674944
14378853, 11746464, 11680052
14384884, 11747815, 11681509
14427554, 11760834, 11709414
14446855, 11765469, 11694516
14454318, 11768054, 11705286
14476019, 11774783, 11712130
14498737, 11777890, 11723575
14482437, 11768756, 11708375
14483520, 11765449, 11708977
14456038, 11752658, 11680717
14457617, 11751449, 11680364
14468558, 11755564, 11701078
14449612, 11754744, 11690029
14469802, 11763900, 11718415
14453131, 11764974, 11708821
14440721, 11760850, 11704951
14436093, 11759548, 11699659
14445034, 11772782, 11721663
14426058, 11777492, 11710967
14453728, 11801497, 11751553
14455274, 11822369, 11761967
14450749, 11836211, 11769675
14442364, 11833590, 11761806
14471133, 11851755, 11792536
14461449, 11857413, 11786089
14485456, 11870893, 11812962
14472613, 11867296, 11800740
14477359, 11858593, 11796160
14471014, 11857049, 11790415
14484662, 11847579, 11795816
14467986, 11829018, 11773670
14499364, 11822909, 11788541
14481866, 11808545, 11755639
14476364, 11796774, 11742241
14472611, 11795499, 11739220
14482799, 11793132, 11748463
14462050, 11788773, 11732204
14453509, 11783161, 11722854
14461717, 11773730, 11730056
14421227, 11757675, 11692534
14430963, 11757543, 11703129
14411829, 11742421, 11690789
14421272, 11733754, 11697270
14388275, 11719898, 11669755
14383971, 11712630, 11674767
14351972, 11704306, 11646823
14357477, 11701684, 11652965
14354352, 11696877, 11648932
14368890, 11687091, 11650202
14395127, 11709086, 11659370
14468523, 11751500, 11723079
14446507, 11757621, 11705825
14459297, 11759914, 11720423
14459003, 11764016, 11730893
14445710, 11766328, 11730099
14419750, 11768809, 11715061
14442340, 11776296, 11727820
14423912, 11774866, 11704724
14436339, 11777715, 11719604
14448873, 11777427, 11727684
14464488, 11781297, 11741291
14429151, 11767585, 11710696
14449661, 11765089, 11727364
14417967, 11748168, 11695731
14431766, 11752257, 11707564
14429102, 11746905, 11702884
14424880, 11739294, 11694404
14410896, 11735193, 11679879
14429356, 11734562, 11691904
14415847, 11732860, 11677835
14422408, 11734823, 11686970
14391530, 11720130, 11664370
14406100, 11724793, 11680731
14395354, 11719909, 11671267
14408500, 11723346, 11685141
14373160, 11712923, 11650515
14380135, 11713369, 11656499
14396123, 11718915, 11673658
14392942, 11720495, 11668083
14375235, 11715212, 11647805
14399685, 11730516, 11673355
14384914, 11733211, 11663811
14395748, 11735134, 11671971
14404144, 11738571, 11682677
14390626, 11726555, 11675698
14365199, 11723009, 11658177
14418754, 11726776, 11692814
14216419, 11499978, 11453026
14226494, 11499063, 11460521
14272476, 11517114, 11490433
14295189, 11533304, 11502520
14276214, 11530459, 11484982
14290755, 11534060, 11499613
14262993, 11524522, 11477034
14275065, 11529250, 11488885
14261932, 11510914, 11483780
14235016, 11487605, 11465485
14183210, 11462530, 11422892
14186787, 11446435, 11425007
14154270, 11430739, 11388142
14165525, 11430364, 11395227
14193056, 11434193, 11412559
14206700, 11444564, 11419736
14170482, 11433317, 11389899
14197997, 11441785, 11417891
14176329, 11442735, 11400795
14188234, 11445258, 11410736
14192266, 11447534, 11422315
14192700, 11452149, 11430639
14163786, 11447680, 11406625
14200044, 11461373, 11436738
14180449, 11458147, 11415792
14191025, 11460845, 11427315
14196511, 11463558, 11434084
14200850, 11465613, 11437837
14175248, 11460805, 11420314
14194657, 11470174, 11440165
14171232, 11468827, 11423542
14181899, 11470249, 11431780
14180991, 11469878, 11433462
14190222, 11468252, 11440153
14161024, 11449473, 11407279
14176577, 11449943, 11423194
14158039, 11442166, 11404299
14154761, 11443040, 11402315
14163367, 11433590, 11404722
14141730, 11418088, 11377834
14164564, 11406278, 11388520
14140228, 11387830, 11355593
14135887, 11382192, 11347129
14129187, 11380628, 11339341
14140235, 11373867, 11352081
14123007, 11363345, 11336606
14131098, 11367387, 11340206
14105902, 11358807, 11317941
14119461, 11369123, 11338244
14117460, 11369099, 11336850
14145179, 11397325, 11371751
14140326, 11425835, 11376605
14166191, 11463986, 11410919
14207831, 11493552, 11457133
14179082, 11500746, 11430942
14194405, 11501977, 11445857
14205066, 11503915, 11454484
14217396, 11507573, 11461512
14195078, 11507054, 11440679
14222992, 11524486, 11466691
14216230, 11528859, 11455088
14226294, 11530250, 11464465
14234792, 11529387, 11468511
14240179, 11527597, 11471481
14216638, 11517131, 11449627
14228544, 11512821, 11457454
14204946, 11502324, 11435174
14215832, 11505674, 11448033
14228689, 11508096, 11455959
14228804, 11506310, 11454448
14207770, 11502265, 11433336
14223758, 11501892, 11451932
14200857, 11493503, 11433986
14211472, 11495187, 11442392
14219241, 11490869, 11447834
14222746, 11491551, 11450768
14193863, 11482275, 11425894
14220368, 11487468, 11449453
14207805, 11487332, 11438733
14222524, 11488424, 11449459
14227110, 11486311, 11450892
14229112, 11482663, 11450716
14203111, 11472417, 11426692
14229454, 11479386, 11444886
14209702, 11474365, 11424015
14220403, 11475658, 11433550
14219724, 11474857, 11433904
14218885, 11473112, 11433754
14191893, 11461948, 11408905
14187910, 11460696, 11408844
14182961, 11458784, 11411420
14179363, 11460251, 11408112
14188638, 11460455, 11423388
14157846, 11451244, 11403565
14149087, 11433335, 11402514
14122559, 11428861, 11391679
14109565, 11430779, 11374336
14102426, 11431149, 11367711
14123081, 11435005, 11391278
14106434, 11435591, 11377048
14143179, 11457280, 11411115
14143526, 11466288, 11409214
14184600, 11492289, 11440401
14183308, 11492227, 11439373
14193292, 11491118, 11448190
14186496, 11496106, 11443031
14177134, 11497515, 11438520
14188598, 11498461, 11452303
14162478, 11491750, 11434465
14163222, 11491527, 11434090
14171520, 11491073, 11442760
14169046, 11492466, 11441383
14151991, 11485816, 11425911
14160460, 11495355, 11435242
14155015, 11499579, 11428834
14165084, 11499934, 11437472
14174782, 11497864, 11443398
14184352, 11496812, 11440620
14186675, 11497874, 11431736
14212948, 11503020, 11445031
14198722, 11510955, 11430167
14210296, 11513240, 11437856
14217730, 11505609, 11441267
14210317, 11493705, 11433032
14180915, 11479096, 11405349
14198710, 11481834, 11422354
14173884, 11472032, 11398349
14181077, 11472339, 11404869
14172801, 11464744, 11398283
14166149, 11455329, 11392018
14135004, 11445847, 11367496
14139861, 11435241, 11376181
14107580, 11418997, 11349172
14112984, 11417615, 11354036
14093541, 11400873, 11337654
14100495, 11388036, 11344055
14075074, 11376530, 11320853
14060579, 11362628, 11313522
13989104, 11337341, 11259792
13996989, 11335324, 11265591
13971005, 11305354, 11248357
13957398, 11273643, 11228580
13917277, 11236801, 11178445
13941575, 11224596, 11189328
13902877, 11204551, 11150671
13917839, 11205781, 11167970
13918096, 11202225, 11174145
13913359, 11193906, 11167023
13859264, 11175024, 11118661
13860532, 11169521, 11123082
13828440, 11159291, 11094114
13842288, 11159202, 11103768
13841316, 11153628, 11098642
13835774, 11149466, 11090663
13801314, 11135795, 11059943
13823790, 11142891, 11081718
13812741, 11139228, 11071963
13822523, 11142832, 11081389
13823708, 11145716, 11083549
13836222, 11150155, 11093026
13826726, 11146425, 11078178
13844134, 11144230, 11087880
13880112, 11172984, 11122790
13880947, 11172675, 11124016
13883346, 11175432, 11122347
13922525, 11197171, 11154190
13922898, 11218672, 11147798
13983361, 11250142, 11197013
13983319, 11267200, 11189743
13994822, 11268728, 11200572
14020552, 11280504, 11222485
14032862, 11290770, 11232289
14015556, 11289668, 11217360
14055060, 11311016, 11249150
14045827, 11318123, 11238410
14057456, 11321849, 11248701
14068593, 11328244, 11260124
14073370, 11333214, 11266425
14059530, 11331810, 11254229
14067367, 11338392, 11264190
14086114, 11354730, 11276891
14092395, 11355152, 11280888
14091265, 11360921, 11272907
14095996, 11363200, 11270670
14078238, 11364257, 11254831
14116144, 11371642, 11285822
14108818, 11376776, 11273530
14119646, 11380494, 11283843
14117781, 11392267, 11291826
14141937, 11413220, 11323935
14140485, 11431884, 11327307
14148376, 11446031, 11341359
14124610, 11444942, 11325438
14138604, 11450299, 11339061
14135205, 11445940, 11336769
14147595, 11434587, 11338889
14117416, 11382996, 11293878
14114006, 11368596, 11278345
14115246, 11355819, 11263042
14123356, 11359473, 11272399
14136734, 11336470, 11256618
14144949, 11315922, 11242644
14138384, 11302016, 11218577
14147228, 11304702, 11226471
14139532, 11314833, 11230957
14150031, 11319485, 11241356
14132728, 11330202, 11249229
14121910, 11340957, 11260056
14100398, 11339020, 11247428
14104014, 11347488, 11261659
14089306, 11348755, 11254915
14096644, 11350183, 11260844
14094181, 11358428, 11258589
14109870, 11373979, 11279332
14108526, 11382084, 11282339
14131733, 11396358, 11302964
14124453, 11401192, 11294613
14129619, 11402419, 11298661
14135235, 11408760, 11301746
14170517, 11424983, 11337243
14178227, 11438262, 11345216
14196423, 11445033, 11356629
14186263, 11442741, 11342801
14196733, 11445748, 11355480
14220876, 11450432, 11368078
14232030, 11452708, 11379666
14191582, 11442285, 11348359
14210921, 11458049, 11377015
14197441, 11472931, 11374699
14206189, 11474561, 11382719
14212233, 11491744, 11394397
14235151, 11500494, 11412689
14221901, 11497209, 11399950
14255100, 11511223, 11425337
14239161, 11512378, 11400082
14251193, 11514851, 11408545
14268345, 11512084, 11417941
14279361, 11515287, 11422249
14264961, 11507646, 11402835
14282983, 11513198, 11419952
14261607, 11515281, 11408374
14269665, 11517778, 11417668
14269497, 11524832, 11427739
14273771, 11533003, 11438218
14249069, 11531935, 11420713
14278345, 11542104, 11441834
14263000, 11542255, 11423910
14281336, 11549006, 11442074
14302187, 11558728, 11453152
14303425, 11559770, 11457135
14276974, 11557248, 11433250
14302063, 11566343, 11468136
14274809, 11567272, 11451795
14284064, 11568096, 11462578
14280639, 11568226, 11465033
14274004, 11565832, 11459961
14247366, 11554261, 11428159
14282426, 11543602, 11447062
14249170, 11516342, 11407225
14252293, 11517512, 11410780
14254574, 11500540, 11409732
14226959, 11482852, 11388017
