9437549, 4916702, 4389385
9450059, 4923573, 4402174
9452608, 4929241, 4402010
9455838, 4934700, 4404382
9443073, 4932555, 4392921
9447883, 4936411, 4394125
9459669, 4935881, 4405413
9443396, 4932641, 4387305
9458866, 4937819, 4412718
9452849, 4935508, 4403699
9463794, 4941044, 4422913
9449819, 4939930, 4407009
9457258, 4942981, 4414200
9446162, 4944541, 4399871
9453256, 4944052, 4411673
9439878, 4944228, 4397631
9452911, 4944874, 4411409
9444615, 4944791, 4400398
9450415, 4950407, 4408197
9433377, 4951115, 4386280
9449342, 4952683, 4406942
9441991, 4950747, 4395486
9456028, 4953172, 4408648
9436347, 4948195, 4386888
9452293, 4954783, 4400402
9437388, 4952982, 4386061
9457948, 4957454, 4410828
9453591, 4960248, 4406998
9461543, 4961922, 4417548
9445179, 4965371, 4398974
9459122, 4965903, 4411517
9446394, 4965235, 4394668
9464102, 4968922, 4407280
9453543, 4968302, 4394178
9457063, 4970183, 4397391
9438586, 4972543, 4381556
9450213, 4968851, 4392710
9437077, 4965855, 4374144
9444214, 4969210, 4381952
9431134, 4970127, 4360056
9431737, 4970737, 4359895
9448042, 4974735, 4374213
9425715, 4973628, 4354663
9446531, 4976789, 4373437
9440697, 4978480, 4368374
9442875, 4978214, 4371512
9431112, 4979646, 4357331
9448380, 4982364, 4373895
9444062, 4981624, 4371263
9447812, 4985895, 4376280
9434308, 4982908, 4361480
9462184, 4985835, 4391526
9449731, 4982719, 4376104
9462987, 4983651, 4391625
9453410, 4978057, 4382204
9461375, 4978293, 4393293
9447614, 4976269, 4379080
9459409, 4976875, 4392015
9441502, 4975044, 4374131
9459317, 4974557, 4392999
9450142, 4973960, 4383873
9469059, 4975744, 4407140
9462303, 4974218, 4399122
9472261, 4977581, 4409948
9453053, 4972783, 4390427
9462869, 4976650, 4403333
9450095, 4978619, 4390989
9473367, 4988505, 4411506
9462834, 4993364, 4401108
9484712, 5005836, 4423419
9478843, 5017482, 4417290
9512805, 5034469, 4453437
9505119, 5043248, 4451952
9521777, 5042256, 4466124
9500331, 5036102, 4441917
9512274, 5025178, 4454491
9496459, 5012431, 4434012
9487308, 5002109, 4428366
9457621, 4989960, 4397056
9459874, 4982737, 4400807
9441531, 4979311, 4386438
9457781, 4977258, 4409136
9448310, 4972596, 4400934
9453992, 4974599, 4408149
9441770, 4970517, 4395963
9462452, 4977333, 4424335
9462357, 4983187, 4427240
9485353, 4998308, 4459057
9482421, 5009138, 4458672
9511195, 5029573, 4500272
9518271, 5043343, 4505582
9538203, 5054496, 4531740
9535014, 5058425, 4521477
9549356, 5064709, 4537519
9539781, 5057620, 4522718
9547216, 5060125, 4533203
9522774, 5054588, 4511912
9523869, 5049058, 4509147
9498296, 5039286, 4489200
9502021, 5031707, 4498889
9500215, 5031692, 4497885
9500766, 5031945, 4501647
9484419, 5033110, 4481687
9509332, 5035528, 4506229
9510809, 5035273, 4502506
9512957, 5034223, 4502883
9497777, 5031153, 4481795
9492056, 5025964, 4478479
9499997, 5021943, 4486158
9473938, 5013991, 4458692
9477491, 5005700, 4468415
9458084, 4993113, 4445493
9453971, 4977856, 4439374
9424052, 4962085, 4406658
9442759, 4958385, 4430827
9436777, 4959310, 4423595
9447185, 4962090, 4434549
9434493, 4965989, 4415512
9455204, 4965587, 4439856
9454525, 4970432, 4438395
9458835, 4971598, 4441692
9443268, 4967673, 4420839
9460350, 4966950, 4442550
9452286, 4962447, 4427042
9456688, 4957531, 4436219
9440681, 4951873, 4413891
9451207, 4945762, 4425583
9434975, 4934259, 4404210
9472501, 4939518, 4431394
9457148, 4927242, 4412975
9468273, 4925513, 4419687
9451766, 4920022, 4397286
9462460, 4921076, 4406009
9479596, 4914988, 4420921
9470582, 4913727, 4402747
9481560, 4915900, 4413756
9498974, 4925316, 4430909
9487757, 4924342, 4415948
9508083, 4934284, 4446561
9499164, 4937758, 4439763
9521602, 4952760, 4472823
9517801, 4957915, 4471636
9521385, 4963183, 4478129
9512060, 4965133, 4471260
9513794, 4969615, 4475400
9520098, 4968113, 4485060
9502236, 4958268, 4464449
9506893, 4951142, 4470489
9490276, 4939430, 4453976
9488723, 4934949, 4455252
9475221, 4933688, 4441034
9493465, 4936063, 4461098
9486062, 4934261, 4452053
9492537, 4936578, 4459390
9479570, 4939103, 4447022
9492855, 4940789, 4469531
9494245, 4947906, 4473323
9497322, 4952693, 4477476
9491446, 4959714, 4467563
9509831, 4966336, 4489167
9515722, 4977078, 4496611
9529172, 4989904, 4513595
9523249, 4998845, 4509526
9538989, 5006395, 4530984
9532988, 5008003, 4523895
9531252, 5005507, 4523395
9520568, 4999623, 4509686
9511584, 4995164, 4499515
9513091, 4991928, 4501723
9491090, 4983152, 4480076
9507863, 4984088, 4493720
9498098, 4977968, 4478904
9501447, 4977173, 4479775
9491103, 4972766, 4462875
9508159, 4976465, 4479745
9506797, 4976272, 4467837
9509598, 4977187, 4464888
9500020, 4974734, 4444085
9512951, 4975674, 4449557
9506126, 4974893, 4435100
9520548, 4979186, 4447597
9518271, 4980749, 4442387
9532277, 4986259, 4457523
9528758, 4984784, 4451347
9542941, 4989610, 4467574
9538554, 4990563, 4460309
9539249, 4988530, 4461331
9530374, 4986490, 4449392
9536008, 4988265, 4447639
9548574, 4989397, 4453598
9543028, 4989256, 4435003
9546238, 4994837, 4443104
9551483, 4987507, 4456684
9521486, 4974350, 4437004
9492563, 4948214, 4410166
9469557, 4938406, 4384011
9492810, 4950782, 4406467
9488479, 4954651, 4403956
9507851, 4970913, 4414322
9511031, 4991278, 4417849
9518714, 5004565, 4432671
9531347, 5009353, 4453069
9524442, 5009256, 4449426
9525687, 5001270, 4452702
9506781, 4986198, 4429132
9498368, 4973244, 4421786
9476896, 4957137, 4398431
9491439, 4961305, 4410833
9490118, 4963952, 4400104
9504518, 4975268, 4412071
9490791, 4970749, 4394609
9500902, 4971336, 4414122
9493434, 4970598, 4405841
9495041, 4973793, 4414350
9488168, 4969536, 4412360
9493200, 4964086, 4424687
9489028, 4963700, 4421582
9495900, 4965961, 4427366
9479008, 4964446, 4409871
9493091, 4970253, 4427214
9488986, 4971790, 4422002
9500942, 4974744, 4434234
9494022, 4971804, 4424175
9500242, 4974376, 4428697
9497380, 4971792, 4422403
9509865, 4977336, 4429569
9508162, 4979370, 4420690
9521400, 4989738, 4423745
9540651, 5001721, 4434526
9537827, 5006921, 4420117
9548749, 5011290, 4419971
9579596, 5026486, 4441933
9580590, 5032338, 4432612
9606610, 5052283, 4457507
9604133, 5062076, 4445926
9618421, 5073436, 4454186
9640296, 5078384, 4476484
9651667, 5070237, 4502810
9635926, 5060970, 4487681
9632921, 5056617, 4493301
9603634, 5053154, 4463696
9618773, 5044624, 4485002
9596931, 5039211, 4461469
9599917, 5042284, 4474330
9578050, 5034652, 4444276
9591532, 5025784, 4460379
9574209, 5018526, 4439376
9577783, 5018139, 4446002
9563734, 5016113, 4425193
9564069, 5012863, 4421275
9570105, 5015262, 4428651
9585119, 5017144, 4447778
9579694, 5018725, 4441127
9588248, 5018748, 4456089
9572872, 5016594, 4440259
9591216, 5019464, 4458642
9580242, 5017313, 4448663
9588919, 5021021, 4458321
9574422, 5021394, 4444680
9594742, 5024678, 4463019
9582176, 5020176, 4450116
9590797, 5023657, 4458891
9576605, 5023131, 4443061
9592685, 5029058, 4465357
9584377, 5029330, 4458992
9590961, 5030732, 4467811
9573307, 5028041, 4451815
9589539, 5032818, 4468655
9581707, 5032694, 4461290
9591995, 5035779, 4469869
9581773, 5034592, 4458306
9590625, 5036911, 4465827
9581219, 5036343, 4455268
9580160, 5035120, 4454375
9591715, 5038014, 4469343
9581072, 5035095, 4460112
9579366, 5035530, 4462742
9587535, 5038065, 4474065
9579272, 5035364, 4464267
9587817, 5038325, 4476334
9581228, 5036513, 4466785
9590557, 5038239, 4481530
9584292, 5039129, 4475284
9593342, 5037265, 4490308
9588667, 5040227, 4488338
9595570, 5037224, 4505383
9585031, 5033590, 4499999
9564757, 5013537, 4492039
9528386, 4988269, 4467887
9507853, 4961074, 4456675
9472212, 4932315, 4427979
9472576, 4911565, 4435217
9457598, 4899203, 4422309
9457404, 4893226, 4429291
9431383, 4882993, 4407799
9416678, 4867777, 4391452
9421185, 4859647, 4396406
9410639, 4853786, 4373565
9422192, 4855966, 4368194
9417511, 4860174, 4354781
9432216, 4868301, 4371746
9430589, 4879058, 4371474
9441460, 4885170, 4394064
9433799, 4886948, 4391778
9448368, 4895763, 4402779
9461545, 4900352, 4413687
9449211, 4896242, 4400209
9450831, 4899518, 4392584
9463101, 4903907, 4400382
9460077, 4909171, 4385542
9470187, 4923146, 4396047
9473597, 4932715, 4395396
9485042, 4943340, 4392214
9502615, 4959970, 4408051
9506808, 4971881, 4400362
9522722, 4987968, 4404946
9549549, 5007561, 4422309
9554095, 5022125, 4419215
9575366, 5040137, 4443540
9562762, 5039062, 4434844
9568756, 5034732, 4449139
9562317, 5032283, 4442324
9562794, 5033986, 4456405
9558304, 5040113, 4449297
9580867, 5050560, 4468437
9576324, 5048371, 4458971
9576098, 5042585, 4456284
9559538, 5029750, 4422911
9543789, 5010423, 4398654
9549634, 4999176, 4390884
9543161, 4995324, 4385177
9554955, 5001216, 4393454
9547406, 4999185, 4375941
9563139, 4997303, 4385806
9558829, 4992744, 4367735
9548475, 4977692, 4348694
9529028, 4969937, 4324134
9538936, 4972128, 4328981
9527557, 4969195, 4308899
9536013, 4966619, 4311183
9531800, 4965929, 4297618
9548102, 4969228, 4307749
9531589, 4963100, 4290685
9545655, 4958451, 4305132
9534029, 4950829, 4290103
9539655, 4952154, 4296408
9518589, 4944018, 4276346
9529691, 4946622, 4286590
9520600, 4944747, 4276839
9523615, 4946701, 4278641
9513964, 4944564, 4268117
9525874, 4949959, 4281345
9522299, 4947174, 4278807
9524110, 4949832, 4281485
9513788, 4949432, 4270392
9511340, 4949666, 4271697
9520123, 4951664, 4283366
9506649, 4948055, 4268470
9521733, 4956529, 4285048
9510431, 4953916, 4275702
9519710, 4954619, 4286429
9505171, 4955311, 4273732
9515367, 4957914, 4282478
9502963, 4957552, 4266605
9525293, 4962808, 4291931
9518472, 4962332, 4287122
9526324, 4965802, 4299630
9515990, 4964308, 4287211
9520096, 4970371, 4295785
9528960, 4973086, 4307380
9520733, 4973140, 4299530
9526295, 4979396, 4311308
9536311, 4988398, 4328312
9529687, 4992634, 4329957
9542217, 5002931, 4353648
9537954, 5008903, 4360329
9550811, 5010101, 4385177
9547752, 5011697, 4386714
9547697, 5017597, 4397475
9543685, 5014861, 4402937
9551677, 5009365, 4416146
9533401, 4996173, 4404392
9527950, 4993777, 4400137
9518183, 4992551, 4391626
9527997, 4990044, 4408356
9521527, 4988598, 4405204
9521705, 4989007, 4408540
9513334, 4990477, 4401635
9518137, 4987696, 4406011
9503371, 4975337, 4391112
9503012, 4974732, 4390952
9496094, 4974897, 4382208
9490787, 4970306, 4374794
9494585, 4969324, 4376864
9486869, 4966171, 4362170
9490680, 4963507, 4364370
9479334, 4957253, 4348053
9482516, 4951808, 4347488
9480287, 4952599, 4341644
9490127, 4956433, 4345395
9479507, 4953809, 4330288
9496557, 4958042, 4347114
9491504, 4957131, 4339221
9495728, 4961585, 4342490
9487949, 4963588, 4326818
9502209, 4967035, 4336013
9499190, 4969780, 4323616
9508205, 4974674, 4331041
9494602, 4972700, 4311311
9506854, 4973226, 4318113
9499526, 4971677, 4305452
9515686, 4972798, 4321853
9510685, 4972738, 4311093
9540541, 4989598, 4341003
9540822, 4993342, 4339233
9553883, 4990642, 4351807
9546151, 4990356, 4343958
9554581, 4988282, 4356458
9544232, 4980577, 4347585
9535914, 4968951, 4343620
9511128, 4962308, 4319342
9498503, 4936113, 4316342
9466499, 4908810, 4299664
9464494, 4903980, 4308344
9444650, 4896449, 4281980
9452066, 4888662, 4293391
9432074, 4880941, 4273964
9438771, 4875190, 4287525
9431787, 4871519, 4282691
9433892, 4873234, 4285532
9426237, 4874003, 4272846
9433543, 4876758, 4280963
9442800, 4887607, 4286581
9469593, 4901906, 4311031
9479034, 4914380, 4313639
9497811, 4928135, 4329458
9495118, 4932341, 4320933
9513693, 4940342, 4340798
9506778, 4937430, 4339955
9514928, 4936249, 4345578
9503526, 4933975, 4327659
9522995, 4939269, 4346456
9521623, 4944185, 4341367
9534537, 4947666, 4356065
9515656, 4943587, 4333566
9538160, 4948081, 4363442
9526996, 4945988, 4353444
9533739, 4947125, 4364175
9516653, 4944631, 4347142
9532152, 4948777, 4368309
9525952, 4947952, 4361633
9531060, 4951302, 4368329
9520596, 4950215, 4354772
9534605, 4952529, 4376626
9529139, 4952076, 4372837
9534313, 4954367, 4379794
9518670, 4953676, 4366670
9531218, 4955895, 4380722
9528466, 4955162, 4377497
9531293, 4955650, 4382773
9518372, 4952932, 4368547
9532444, 4956929, 4386392
9527983, 4957401, 4381568
9531368, 4958299, 4386480
9517600, 4957268, 4372653
9532868, 4961144, 4390841
9527788, 4959915, 4387019
9530017, 4961428, 4390016
9521185, 4962500, 4379722
9533287, 4964825, 4394658
9528003, 4963300, 4390766
9526583, 4963403, 4390323
9516787, 4962306, 4379640
9517827, 4964403, 4385639
9509572, 4965045, 4376539
9508328, 4966687, 4376484
9510479, 4964856, 4379138
9509982, 4965314, 4378884
9508744, 4964715, 4376717
9507539, 4966971, 4377439
9505268, 4966453, 4374577
9520022, 4971720, 4390754
9517780, 4972384, 4388544
9520940, 4974708, 4393686
9510337, 4972073, 4380734
9524145, 4975066, 4395505
9517676, 4972498, 4390716
9519230, 4973156, 4394601
9503089, 4970034, 4378865
9511703, 4970905, 4387045
9503357, 4971297, 4373866
9520726, 4975484, 4388149
9510855, 4974609, 4372715
9522786, 4979753, 4397474
9498318, 4971184, 4375347
9488172, 4961707, 4382684
9441624, 4937382, 4354220
9405184, 4909972, 4344788
9368175, 4882021, 4325900
9368523, 4879892, 4317398
9391881, 4900141, 4316337
9435121, 4929457, 4345703
9452551, 4949908, 4350902
9476847, 4969213, 4374983
9480034, 4980226, 4364870
9504939, 4996690, 4394450
9504918, 5003641, 4389389
9515219, 5009705, 4399416
9515272, 5015636, 4395218
9532549, 5020487, 4417238
9533717, 5023786, 4416386
9537047, 5026417, 4420016
9524238, 5022560, 4406256
9527078, 5022647, 4406313
9533338, 5019238, 4412864
9518689, 5013815, 4394498
9530385, 5014197, 4405531
9515091, 5009125, 4385150
9534280, 5006433, 4402320
9521393, 5004066, 4381294
9538017, 5004191, 4399771
9539788, 5004189, 4395004
9548850, 5003107, 4403618
9535915, 4998821, 4384929
9532339, 4988395, 4379813
9541797, 4981371, 4384644
9516735, 4957266, 4354396
9504591, 4944500, 4345154
9511918, 4935069, 4347535
9507793, 4930686, 4324190
9519562, 4918374, 4328078
9511304, 4911712, 4322700
9528514, 4918065, 4339728
9529326, 4924317, 4335291
9529855, 4928758, 4338845
9555344, 4945214, 4371093
9551916, 4954765, 4368149
9566111, 4966793, 4387499
9552277, 4968196, 4375356
9569382, 4980175, 4397294
9562385, 4984316, 4394894
9571090, 4993746, 4410587
9557194, 4994181, 4397240
9571276, 4994697, 4423438
9564307, 4995348, 4415316
9568102, 5002556, 4429266
9558134, 5003606, 4421484
9575069, 5008843, 4446130
9557621, 5003933, 4437145
9564535, 5000232, 4447183
9548878, 4995862, 4434401
9543600, 4991901, 4436630
9556268, 4991587, 4455320
9542669, 4989265, 4445193
9561588, 4993223, 4462733
9551665, 4991512, 4452264
9569412, 4996975, 4474789
9559923, 4995206, 4464805
9569201, 4996856, 4478237
9553397, 4992374, 4463493
9565032, 4996250, 4481674
9550866, 4990719, 4469977
9557026, 4993113, 4476860
9541820, 4991009, 4460903
9530619, 4984159, 4453743
9541754, 4982691, 4471685
9524995, 4979694, 4460719
9537131, 4987440, 4475353
9534083, 4997735, 4475930
9561753, 5011735, 4494516
9560054, 5020293, 4488431
9565812, 5027540, 4500938
9575947, 5030016, 4517218
9566478, 5031769, 4514904
9578378, 5037092, 4533711
9573373, 5045841, 4535068
9571905, 5045038, 4537463
9568993, 5041804, 4530714
9576502, 5041579, 4536363
9559315, 5034107, 4515368
9565744, 5030731, 4519076
9556660, 5029604, 4501461
9567364, 5032554, 4511885
9561177, 5032890, 4504406
9575597, 5038261, 4516350
9565728, 5040001, 4506073
9596108, 5056357, 4537720
9597700, 5064025, 4537628
9607274, 5069096, 4548742
9592738, 5060632, 4528299
9614608, 5074928, 4551799
9602533, 5064698, 4535946
9612264, 5063191, 4543356
9601471, 5053555, 4528763
9609398, 5050176, 4527943
9599716, 5045927, 4514122
9609868, 5047433, 4522558
9606860, 5042643, 4512093
9609510, 5039731, 4509519
9595015, 5030610, 4488941
