13302229, 18298192, 22291770
13305153, 18297361, 22294913
13305092, 18296922, 22296827
13305131, 18296593, 22296685
13302164, 18297013, 22294274
13303611, 18297095, 22295729
13297695, 18292905, 22292639
13297850, 18292564, 22292749
13296706, 18293156, 22291662
13297403, 18293468, 22292464
13296770, 18292928, 22291414
13297074, 18293011, 22291478
13296330, 18293113, 22291302
13302167, 18295428, 22291617
13302137, 18295438, 22291605
13302134, 18295446, 22291675
13300528, 18295797, 22291098
13304315, 18296169, 22290653
13304136, 18296165, 22290459
13304306, 18296099, 22290633
13302168, 18296936, 22289273
13303098, 18296297, 22290103
13302874, 18296335, 22290065
13303026, 18296383, 22290222
13302293, 18296443, 22288789
13301766, 18296709, 22288708
13302362, 18296644, 22289855
13300576, 18297225, 22289218
13302417, 18295582, 22292402
13301924, 18295337, 22292021
13302453, 18295410, 22292275
13301557, 18295539, 22290492
13303141, 18296308, 22292987
13302846, 18296186, 22292625
13303862, 18296068, 22293317
13302473, 18296325, 22291868
13304861, 18297167, 22295924
13304259, 18297551, 22295529
13304762, 18297519, 22295911
13301781, 18298855, 22293007
13306424, 18298109, 22297489
13304711, 18298405, 22296261
13305829, 18298219, 22296829
13302939, 18296664, 22291172
13304125, 18296394, 22292698
13303887, 18296357, 22292506
13303911, 18296368, 22292543
13302233, 18295087, 22289410
13304252, 18294483, 22291094
13304164, 18294498, 22290869
13304294, 18294541, 22291166
13301312, 18294627, 22289174
13303349, 18293585, 22291478
13303225, 18293664, 22291326
13303306, 18293694, 22291403
13300685, 18294354, 22289663
13302646, 18293404, 22291567
13302474, 18293448, 22291429
13302337, 18292900, 22292153
13301268, 18293275, 22290453
13302864, 18292540, 22293188
13302464, 18292741, 22293129
13300579, 18290245, 22290975
13298185, 18291322, 22289472
13299797, 18290308, 22291027
13299159, 18290591, 22290992
13297852, 18290226, 22290812
13296054, 18290719, 22289830
13298122, 18290208, 22290488
13298026, 18290204, 22290421
13298225, 18290577, 22289492
13294904, 18292414, 22287166
13296149, 18291678, 22288732
13297978, 18292844, 22290560
13298013, 18292856, 22290643
13297089, 18292960, 22290241
13299306, 18292286, 22293430
13301021, 18292305, 22293581
13301155, 18292360, 22293750
13299061, 18293643, 22290815
13300789, 18293389, 22293625
13299844, 18292093, 22292204
13300116, 18292196, 22292654
13295770, 18294142, 22288708
13298797, 18293111, 22291327
13297174, 18292790, 22290655
13297794, 18292560, 22291225
13294829, 18293586, 22289599
13297223, 18292448, 22292289
13296749, 18292685, 22292175
13296933, 18292826, 22292565
13294014, 18294164, 22290093
13295574, 18292781, 22290337
13295446, 18292816, 22290262
13295994, 18292781, 22290546
13294383, 18293344, 22289387
13294191, 18293680, 22291144
13293916, 18293713, 22290421
13294143, 18293693, 22290765
13291924, 18293672, 22288521
13296764, 18295052, 22292766
13296627, 18295149, 22292179
13296765, 18295043, 22292815
13291754, 18293946, 22288485
13294495, 18293388, 22291870
13294394, 18293388, 22291868
13294572, 18293406, 22292120
13291201, 18295564, 22290490
13294620, 18294487, 22294700
13294440, 18294563, 22293875
13294857, 18294626, 22294155
13291002, 18294640, 22292357
13294598, 18294257, 22294119
13294467, 18294262, 22294009
13294639, 18294279, 22294113
13293367, 18295380, 22291004
13295314, 18295053, 22292962
13295018, 18295141, 22292828
13294031, 18294342, 22292085
13291162, 18295456, 22290695
13294660, 18294079, 22291470
13294372, 18294278, 22291135
13293205, 18292006, 22289656
13291698, 18292417, 22288863
13292678, 18292061, 22290223
13292020, 18292178, 22289941
13289572, 18291683, 22289175
13288412, 18292183, 22287258
13289838, 18292121, 22288311
13289726, 18292133, 22288248
13290183, 18290943, 22288364
13288082, 18291550, 22287441
13290147, 18290978, 22289542
13289779, 18291182, 22289035
13290952, 18291693, 22289521
13288740, 18292349, 22288137
13291695, 18291895, 22290293
13292851, 18292436, 22290658
13293715, 18292504, 22291053
13510182, 18527112, 22513838
13512214, 18527487, 22516047
13509268, 18526964, 22515330
13509578, 18526916, 22515885
13506813, 18527146, 22514589
13508801, 18526596, 22516001
13507940, 18526199, 22513957
13508183, 18526214, 22514049
13506574, 18526631, 22512481
13508166, 18525552, 22514578
13508621, 18526106, 22513868
13508797, 18526054, 22514016
13505623, 18527316, 22511399
13510906, 18526051, 22515371
13510706, 18526023, 22515164
13511215, 18525842, 22515241
13509307, 18526527, 22513888
13513150, 18529259, 22517566
13512255, 18529674, 22517405
13512414, 18529661, 22517559
13510317, 18530754, 22514797
13510385, 18529302, 22516213
13510226, 18529306, 22516122
13510371, 18529268, 22516207
13509028, 18529502, 22514956
13509225, 18525426, 22513451
13508994, 18525651, 22513124
13509094, 18525631, 22513156
13507188, 18525939, 22510373
13508437, 18525552, 22512111
13508347, 18525590, 22512005
13508448, 18525567, 22512090
13507131, 18526903, 22512724
13510704, 18525450, 22514271
13510621, 18525499, 22514229
13510737, 18525503, 22514430
13508517, 18527260, 22512224
13510202, 18526367, 22515986
13510093, 18526414, 22515953
13510324, 18526377, 22516014
13508678, 18527187, 22514389
13511661, 18526086, 22515931
13511567, 18526110, 22515892
13511679, 18526101, 22515932
13508168, 18527632, 22513099
13511278, 18526059, 22519289
13511169, 18526094, 22519263
13511390, 18526101, 22519407
13507681, 18527546, 22517566
13511489, 18526583, 22518460
13511191, 18526683, 22518292
13511540, 18526583, 22518456
13508321, 18527640, 22515595
13511307, 18526417, 22517078
13510991, 18526545, 22517067
13511651, 18526235, 22517093
13509731, 18526790, 22515507
13511834, 18525893, 22518034
13511061, 18525820, 22517649
13511206, 18525790, 22517741
13509435, 18526523, 22516239
13509812, 18526392, 22517175
13510553, 18526621, 22517544
13510587, 18526559, 22517529
13508662, 18527139, 22515558
13512769, 18525787, 22517912
13382479, 18389549, 22384504
13383190, 18389434, 22385039
13380460, 18390797, 22381860
13383981, 18389224, 22383550
13383850, 18389277, 22383343
13384104, 18388455, 22382471
13381985, 18389604, 22380749
13382081, 18389965, 22382127
13381792, 18390148, 22382100
13381861, 18390089, 22382163
13378563, 18391675, 22380591
13382344, 18390054, 22381725
13382279, 18390113, 22381619
13382779, 18389921, 22381665
13379501, 18392024, 22377338
13383074, 18390194, 22379891
13383006, 18390230, 22379593
13383467, 18389979, 22379664
13382090, 18390117, 22378172
13383479, 18389822, 22379563
13382294, 18390289, 22379419
13382425, 18390260, 22379525
13376993, 18393539, 22375905
13381163, 18391046, 22379323
13380960, 18391154, 22379271
13381479, 18390769, 22379839
13380120, 18391329, 22378808
13381969, 18390356, 22380944
13381762, 18390473, 22380892
13381973, 18390334, 22381107
13379059, 18391884, 22379238
13380567, 18391239, 22380409
13380468, 18391291, 22380361
13380606, 18391247, 22380418
13378854, 18391939, 22379771
13381163, 18391032, 22381370
13381059, 18391144, 22381107
13381176, 18391085, 22381161
13380945, 18391053, 22380220
13386676, 18390758, 22388691
13381709, 18393885, 22384647
13383972, 18393710, 22387296
13509637, 18530133, 22519520
13509909, 18530409, 22519784
13509655, 18530075, 22519490
13510882, 18537224, 22523329
13511563, 18536931, 22523939
13511520, 18536932, 22523887
13511582, 18536872, 22523898
13510509, 18537836, 22521660
13511245, 18537552, 22522176
13511223, 18537554, 22522137
13511182, 18537484, 22522101
13510431, 18537894, 22521719
13511227, 18537607, 22521790
13511205, 18537609, 22521751
13511028, 18537403, 22521599
13511065, 18537473, 22521605
13511696, 18537064, 22522203
13511674, 18537066, 22522164
13511633, 18536996, 22522128
13511137, 18537301, 22522133
13512363, 18536772, 22522226
13512341, 18536774, 22522187
13512303, 18536707, 22522154
13511804, 18536894, 22522070
13512943, 18536365, 22522356
13512921, 18536367, 22522317
13512880, 18536297, 22522281
13511956, 18536890, 22521966
13312506, 18324158, 22315922
13312416, 18324124, 22315783
13312536, 18324147, 22315884
13312213, 18324257, 22315706
13313051, 18323915, 22316467
13312937, 18323845, 22316344
13313059, 18323918, 22316463
13312244, 18324320, 22315992
13313073, 18323696, 22317682
13312955, 18323634, 22317529
13313049, 18323667, 22317646
13312181, 18324099, 22317494
13312313, 18324171, 22317624
13312227, 18324109, 22317521
13312282, 18324135, 22317581
13311062, 18324843, 22316581
13313965, 18323673, 22318380
13313856, 18323636, 22318207
13313996, 18323571, 22319077
13313679, 18323652, 22318762
13315102, 18322992, 22320023
13314980, 18323162, 22320092
13314972, 18322761, 22319857
13315006, 18322853, 22318988
13316108, 18322435, 22319949
13315998, 18322377, 22319910
13316016, 18322202, 22319797
13315247, 18322691, 22317753
13315829, 18322703, 22318546
13315582, 18322820, 22318462
13315623, 18322725, 22318840
13314512, 18323028, 22318626
13315537, 18322696, 22319166
13315461, 18322748, 22318993
13315471, 18322701, 22318988
13314929, 18322859, 22318649
13315185, 18323003, 22319025
13315081, 18323019, 22318896
13315040, 18322961, 22318868
13313697, 18323357, 22318548
13314759, 18322946, 22319303
13314755, 18322954, 22319271
13314723, 18322917, 22319110
13314598, 18322967, 22318191
13315445, 18322711, 22319082
13315453, 18322719, 22319086
13315465, 18322747, 22319002
13314546, 18323155, 22317724
13315209, 18322863, 22319001
13315201, 18322855, 22318989
13315185, 18322855, 22318877
13314463, 18323149, 22318295
13316168, 18322120, 22319930
13316164, 18322116, 22319914
13316148, 18322116, 22319802
13315474, 18322346, 22319289
13316153, 18322131, 22319813
13316137, 18322131, 22319801
13316125, 18322135, 22319693
13316542, 18321852, 22319506
13316484, 18321919, 22320438
13316687, 18321639, 22320709
13316716, 18321624, 22320616
13315284, 18322380, 22319203
13315959, 18322155, 22319966
13315923, 18322167, 22319958
13315939, 18322151, 22319846
13315240, 18322711, 22318162
13315833, 18322544, 22318838
13315796, 18322555, 22318829
13315817, 18322520, 22318818
13315141, 18323252, 22316486
13315891, 18323130, 22316819
13315773, 18323152, 22316771
13315417, 18323320, 22316769
13314957, 18323247, 22316426
13315311, 18323437, 22316835
13315225, 18323443, 22316787
13314955, 18323465, 22316767
13313183, 18324331, 22315207
13314658, 18323506, 22317355
13512422, 18537960, 22521983
13512480, 18537894, 22522093
13512209, 18537689, 22522287
13512577, 18537841, 22522643
13512566, 18537854, 22522644
13512580, 18537868, 22522662
13511349, 18538619, 22520890
13511740, 18538802, 22521269
13468932, 18493084, 22477523
13468979, 18493107, 22477554
13469094, 18492870, 22477281
13469330, 18492944, 22478009
13469364, 18493011, 22478015
13469364, 18492979, 22478039
13468713, 18493130, 22477792
13469233, 18492902, 22478584
13469229, 18492898, 22478576
13468849, 18493222, 22478012
13467933, 18493573, 22477430
13468069, 18493693, 22477662
13468065, 18493693, 22477654
13468049, 18493673, 22477642
13467933, 18493573, 22477430
13468069, 18493693, 22477662
13468065, 18493693, 22477654
13468049, 18493673, 22477642
13467421, 18493829, 22477430
13467527, 18493943, 22477640
13467421, 18493829, 22477430
16281623, 18007029, 20072668
16284019, 18006908, 20073679
16282437, 18005945, 20071988
16311678, 18015672, 20107740
16310707, 18015598, 20106705
16316600, 18014254, 20114273
16285036, 17996123, 20081884
16297688, 18005875, 20094438
16286680, 17996514, 20082687
16300821, 18006866, 20101062
16333461, 18039476, 20135278
16339833, 18036498, 20136142
16338459, 18036251, 20134834
16348181, 18043898, 20151364
16342586, 18039991, 20145613
16349756, 18043111, 20150574
16356642, 18042842, 20157543
16352896, 18042984, 20155792
16354987, 18041342, 20160329
16365226, 18046932, 20172118
16362915, 18045387, 20172036
16361113, 18041241, 20166023
16359864, 18042507, 20163716
16364106, 18047479, 20172705
16196806, 17932379, 20040354
16193886, 17929497, 20034464
16195959, 17930272, 20040130
16191821, 17928207, 20033260
16189568, 17926892, 20036612
16187999, 17921983, 20036401
16196434, 17928557, 20045471
16193375, 17920733, 20044064
16188699, 17920058, 20040041
16191296, 17916687, 20036647
16192496, 17919607, 20043364
16194300, 17921442, 20043034
16198952, 17921919, 20047740
16196578, 17922475, 20045405
16190480, 17918642, 20042247
16194542, 17915676, 20043767
16197594, 17916240, 20049600
16198572, 17916085, 20053082
16197164, 17915555, 20051478
16196032, 17913828, 20053941
16194547, 17917954, 20052903
16188485, 17912038, 20045754
16192628, 17913980, 20046838
16189561, 17913608, 20043795
16188126, 17917106, 20049885
16187470, 17913526, 20044755
16191789, 17911434, 20046808
16188908, 17908671, 20048060
16186166, 17908062, 20044953
16189196, 17912210, 20047539
16185952, 17908996, 20043643
16183254, 17910939, 20041456
16185497, 17909419, 20042268
16182375, 17909224, 20039341
16179641, 17905212, 20035681
16181884, 17907243, 20043596
16242051, 17932468, 20075676
16243838, 17929133, 20071489
16240148, 17928351, 20069049
16243224, 17930649, 20071416
16244935, 17932070, 20071554
16245115, 17932000, 20071646
16249830, 17934219, 20079448
16247690, 17935616, 20077666
16242502, 17932488, 20074121
16242200, 17932396, 20074664
16245074, 17933234, 20077058
16246232, 17927986, 20076184
16244069, 17928116, 20072939
16243313, 17927447, 20072293
16243477, 17929328, 20070048
16242320, 17931617, 20066183
16244776, 17927710, 20066600
16242845, 17927369, 20063513
16246725, 17933883, 20070633
16244784, 17932036, 20070799
16238724, 17925718, 20064120
16239363, 17927584, 20068353
16236136, 17926247, 20065315
16235875, 17927650, 20069004
16242643, 17925699, 20073740
16239948, 17922109, 20075976
16242338, 17924102, 20072887
16238898, 17925450, 20068397
16234467, 17924581, 20064383
16226926, 17921635, 20063258
16233212, 17925226, 20065588
16236829, 17920650, 20067742
16232650, 17919731, 20064081
16230631, 17922343, 20069122
16230671, 17917642, 20058770
16348407, 18026675, 20170572
16357600, 18027800, 20176483
16353892, 18027545, 20174345
16349906, 18026220, 20173920
16349528, 18028327, 20176686
16349862, 18030859, 20178860
16353206, 18030822, 20180846
16348808, 18028819, 20176400
16358843, 18030237, 20181872
16357769, 18028613, 20185887
16357784, 18029447, 20184105
16363662, 18032492, 20191105
16355497, 18032859, 20185021
16349501, 18025108, 20179184
16354367, 18025092, 20185594
16354317, 18024822, 20182409
16354725, 18025935, 20187606
16352457, 18026558, 20185952
16324971, 18010765, 20150198
16322138, 18003190, 20147229
16344600, 18005576, 20175715
16219218, 17878661, 20044575
16223456, 17878739, 20048929
16202407, 17874261, 20027848
16205571, 17873325, 20032311
16213937, 17869912, 20033282
16221760, 17873780, 20043299
16218963, 17875068, 20040038
16217157, 17877966, 20038887
16211010, 17875612, 20034595
16221009, 17882104, 20039293
16220419, 17881313, 20042244
16218338, 17881690, 20039651
16226889, 17888061, 20051074
16228515, 17888974, 20055233
16227226, 17885435, 20050244
16239965, 17890621, 20061736
16233110, 17889448, 20055819
16224926, 17892886, 20045229
16239051, 17896217, 20061406
16190698, 17966259, 20166201
16188111, 17965315, 20165713
16180999, 17964738, 20159625
16203830, 17970898, 20187931
16001592, 17917352, 20192394
16000211, 17918074, 20192959
15968293, 17906691, 20167712
15972522, 17905611, 20171784
15916810, 17888480, 20147965
15915060, 17890248, 20151722
15934190, 17893710, 20169649
15912507, 17897110, 20160757
15921844, 17897879, 20169401
15922910, 17898147, 20171047
15933200, 17904039, 20187423
15860823, 17871798, 20150065
15853790, 17870273, 20147152
15850010, 17869858, 20143940
15851072, 17869152, 20144522
15854128, 17870168, 20146686
15848401, 17876705, 20149771
15861758, 17879786, 20161585
15854702, 17881018, 20158415
15850961, 17876367, 20151793
15849984, 17881188, 20155646
15852280, 17881278, 20156738
15853045, 17880543, 20160516
15849676, 17880522, 20156833
15853617, 17882180, 20161194
15851013, 17876507, 20158322
15851742, 17879373, 20160234
15857019, 17880654, 20167535
15850789, 17878732, 20163633
15851055, 17879908, 20163033
15851784, 17878655, 20166735
15844594, 17876003, 20159518
15847911, 17874615, 20159274
15845846, 17873994, 20156153
15844533, 17875887, 20163914
15846700, 17876899, 20163053
15851584, 17877557, 20166676
15851962, 17876287, 20170694
15845306, 17874370, 20163182
15850293, 17873432, 20162965
15848854, 17873214, 20161616
15973308, 18004050, 20297837
15978498, 18008776, 20304607
15975226, 18007974, 20302772
15964998, 18007363, 20294755
15953955, 17990607, 20288019
15958111, 17992713, 20288680
15966575, 17995342, 20301485
15963692, 17996062, 20299576
15915782, 17960802, 20243484
15915002, 17959139, 20246819
15944725, 17970141, 20271805
15929609, 17958211, 20254129
15940700, 17955839, 20264690
15918820, 17945304, 20242611
15945774, 17955513, 20270384
15920344, 17929380, 20243864
15916989, 17932138, 20242121
15911070, 17931337, 20238082
15907645, 17931484, 20230132
15909495, 17936426, 20232717
15916410, 17938688, 20234094
15916823, 17938185, 20234964
15913316, 17938482, 20231999
15916853, 17936269, 20233789
15913711, 17934916, 20231000
15913317, 17934675, 20235399
15923573, 17942312, 20245305
15917997, 17942133, 20242874
15833231, 17855706, 20157805
15819333, 17848899, 20139719
15816860, 17849419, 20136844
15821281, 17846430, 20139291
15817573, 17845360, 20136358
15822821, 17848222, 20141787
15828432, 17852076, 20144581
