42906903
42870624
42865208
42873752
42872632
42928585
42991615
43119346
43115893
43171081
43125300
43174868
43253354
43295690
43314085
43353523
43387869
43356138
43426430
43422979
43430752
43476946
43568932
43508250
43494819
43370052
43425653
43403394
43425464
43351908
43380655
43353241
43354583
43422755
43447918
43508514
43468605
43410913
43422234
43344242
43337471
43247855
43156338
43194258
43217400
43611895
43699387
43601256
43603470
43712829
43719290
43700102
43695584
43697781
43700340
43692582
43695466
43739676
43708319
43715991
43750690
43677888
43690650
43699138
43778590
43781551
43820200
43778786
43801964
43786641
43814535
43787252
43811402
43792078
43809782
43793309
43832989
43799097
43834078
43822361
43831961
43806618
43832769
43814813
43865496
43849780
43879850
43859207
43874505
43833775
43846735
43790473
43814668
43799785
43836650
43820103
43838978
43823016
43841472
43798334
43804990
43734043
43723560
43632694
43661751
43557620
43413308
43239748
43292137
43415555
43417360
43530895
43520596
43586336
43553586
43509529
43470965
43508283
43488118
43549023
43497419
43463142
43461993
43535256
43554560
43672340
43736974
43808148
43801428
43840739
43822468
43883865
43883192
43931132
43905404
44001069
44003287
43472498
42970778
42234184
41537651
41061511
40335692
39724332
39167528
38354017
37810543
37121081
36467885
35625531
34994904
34148138
33365055
32475107
31522162
30465124
29388077
28488687
27280270
25929578
24665317
23160944
21632029
19811374
17372237
14644085
9143772
9256309
9516041
9516726
9510470
9518706
9660772
9676082
9662417
9687602
9697667
9866832
9863580
9868689
9869479
9802631
9890068
9894165
9883730
9893214
9885027
9920397
9919458
9927645
9925505
9958160
9950939
10116995
10116676
10150773
10144207
10150504
10148628
10149564
10143959
10148984
10146431
10104179
10098334
10026906
10027761
10034164
10029730
10035989
10033935
10031902
10023993
10030662
10027145
10028150
9940806
9943568
9941137
9981743
9976003
9981108
9976454
9977087
9972333
9976253
9951478
9951313
10100469
10108530
10101851
10100801
10096133
10103448
10116540
10118722
10113092
10121469
10119357
10050269
10040505
10107324
10106011
10107281
10099960
10106839
10105717
10106453
10102265
10201962
10121185
10118247
10028361
10033971
10032306
10031279
10048012
10054157
10052121
10052922
10052132
10049468
10198545
10197326
10166353
10163804
10164871
10239976
10247613
10246401
10246999
10244638
10252709
10179813
10183413
10171229
10179982
10178291
10179157
10156546
10162023
10161310
10173603
10167786
10107578
10112569
10038291
10045508
10043772
10043031
10037448
10041926
10040049
10041236
10092112
10094998
10237976
10343715
10341776
10342626
10337644
10221111
10220060
10222039
10219555
10221832
10217821
10133200
10131632
10169360
10169154
10171440
10128532
10133109
10132328
10133010
10208666
10176581
10178518
10170713
10173972
10171026
10172855
10168468
10169019
10166162
10169178
10128388
10135997
10134748
10275199
10267728
10275896
10273955
10275258
10269279
10277025
10275541
10277650
10212622
10122409
10120710
10199079
10196380
10198095
10193002
10291819
10285565
10287260
10286232
10282850
10220412
10223237
10220325
10112293
10108697
10112805
10129756
10129644
10126916
10130996
10085279
10085420
10081428
10218415
10227941
10225819
10226203
10221647
10307295
10306646
10307210
10296037
10299054
10234317
10237570
10206111
10210983
10206072
10208075
10206889
10209834
10209530
10209899
10183987
10116127
10117068
9996992
9993993
9998474
9995592
9962717
9958384
9960907
9960853
9950778
9947164
10095324
10085309
10086247
10081216
10083715
10084046
10083239
10079429
10081540
10080918
10080345
9999778
10009819
10010513
10010316
10005792
10005594
10006193
10004315
10011986
10012911
10002220
9935588
9930254
9924168
9922895
9923384
9920050
9921931
9921092
9921239
9917384
9928752
9923596
10063168
10057748
10070236
10069207
10070150
10061138
10067994
10067722
10068277
10063563
10067195
9995593
9996071
9992468
10001589
9995682
9996667
9990808
9995882
9995420
9995660
9992085
9913689
9912051
9916521
9901738
9907751
9901777
9905800
9894501
9898598
9878068
9892851
9889424
10031880
10026255
10029625
10016948
10017942
9996189
9996055
9988727
9991556
9975829
9984853
9900100
9912394
9905008
9903116
9879980
9884226
9866490
9858561
9842428
9847928
9830171
9760523
9767021
9753003
9746931
9733095
9732867
9720224
9693636
9688076
9679654
9677478
9659274
9827289
9809635
9792540
9790538
9777566
9749078
9737115
9737332
9728174
9713904
9677059
9598849
9586927
9591812
9581649
9564073
9545198
9533816
9520020
9521472
9489654
9356209
9341782
9340590
9323915
9309998
9277587
9257402
9223782
9203401
9151426
9122409
9067356
9045723
9018862
8932574
8918737
8925079
8919176
8920986
8919120
8920681
8918216
8919363
8918130
8892217
8890510
8894303
8891286
8894453
8892084
8894563
8891273
8893403
8889134
8800195
8793402
8800477
8794419
8797998
8794035
8796554
8791679
8794518
8793077
8795609
8791579
8794355
8984829
8993928
8989317
8990860
8985410
8987643
9294545
9296276
9293105
9301460
9253435
9248840
9841243
9838046
9838505
9833123
9836139
9835222
10561522
10558983
10564639
10477232
10480798
11039126
11046574
11042762
11044048
11036939
11042347
11297849
11298854
11291986
11295967
