37436556
37458919
37403861
37428793
37405306
37372025
37282608
37266158
37161922
37187824
37167130
37156047
37076015
37095038
37015690
37045853
37055093
37059490
37021920
37059259
37007649
37037647
37012114
36963191
36794621
36686466
36519155
36550113
36475950
36421599
36307553
36332546
36230806
36256293
36237577
36174460
36083327
36145621
36086795
36109978
36108033
36109820
36029933
36105629
36075017
36092620
36163642
36347186
36400985
36479964
36471525
36483374
36504946
36541661
36504074
36590038
36593748
36622623
36731431
36876263
36932783
37062315
37072692
37093341
37149289
37176995
37178637
37259636
37244061
37256013
37264328
37272146
37207460
37215021
37175817
37195095
37190479
37230121
37193267
37246667
37232440
37254916
37283384
37302994
37261803
37313201
37283974
37309011
37332022
37384600
37329794
37370362
37339904
37369571
37424100
37467809
37422195
37481673
37468534
37467703
37533691
37510237
37536044
37600024
37539473
37538957
37604660
37570568
37636907
37613467
37628761
37613293
37683001
37652360
37664670
37652676
37674599
37673260
37696580
37608836
37565472
37577983
37469383
37489322
37505168
37470570
37339148
37359326
37312336
37346079
37353134
37360240
37276425
37318116
37277844
37313555
37328305
37344086
37294724
37366184
37346938
37363963
37329152
37388480
37448085
37540826
37501562
37531992
37564231
37597391
37529115
37561073
37514835
37557923
37580622
37606739
37562814
37613042
37570979
37596167
37607016
37628415
37582095
37667175
37658334
37679919
37724087
37726534
37659984
37720019
37720760
37749152
37771679
37762212
37733605
37808293
37794984
37821009
37848800
37878465
37836482
37903848
37858585
37873685
37880767
37862491
37769396
37756251
37660797
37684063
37642255
37624083
37464394
37438737
37297072
37324885
37289889
37220395
37117688
37138787
37068151
37078802
37069537
37048785
36979967
37059978
37004825
37021061
37093050
37115297
37065192
37129746
37091324
37117325
37132456
37145775
37111888
37156823
37130863
37169830
37186584
37180658
37099603
37145715
37098126
37126786
37143700
37136634
37084744
37136236
37126397
37153298
37166999
37231653
37224950
37296660
37271006
37287096
37267521
37298852
37237245
37268168
37240883
37258525
37260746
37287963
37232595
37220762
37151183
37151820
37178465
37167439
37080262
37016213
36854565
36844840
36798715
36666068
36644250
36620656
36498587
36521930
36432847
36452395
36583028
36517237
36339247
36368493
36214544
36102132
36012634
36013675
36057463
36076010
36088700
36182447
36252114
36363713
36327937
36354365
36375356
36408900
36343960
36359377
36401814
36429982
36681163
36834383
36553419
36555865
36517056
36537501
36546527
36522772
36489096
36547778
36535906
36536293
36633039
36663331
36744302
36794325
36781726
36816768
36840144
36810869
36700054
36751710
36673042
36707002
36734794
36761988
36675834
36734979
36675434
36699778
36766159
36809821
36763138
36792322
36749088
36769253
36807068
36800047
36709519
36730621
36691691
36711548
36751050
36741360
36684498
36739141
36681671
36701669
36744281
36727440
36673158
36723212
36685022
36703706
36723565
36741706
36692944
36734679
36700805
36728193
36720753
36720180
36674542
36702668
36644516
36665559
36691522
36734026
36664660
36702396
36660203
36679323
36706174
36690412
36631466
36668011
36647481
36677995
36679629
36698936
36639367
36662097
36609890
36627962
36647717
36755066
36819164
36885871
36855282
36872843
36919407
36920518
36872082
36873652
36818944
36843600
36828560
36810064
36715744
36726823
36719377
36735328
36750867
36762557
36697481
36695861
36639066
36656210
36677692
36688592
36647734
36688588
36676626
36685724
36713257
36716644
36684899
36745048
36760894
36791577
36819975
36857939
36842588
36929520
36909582
36935892
36993290
37040598
36969186
37029101
36960767
36982825
36976322
36989130
36896766
36900591
36775458
36798647
36785569
36772161
36668184
36683623
36594760
36628384
36624982
36603990
36511698
36585853
36531024
36550249
36651162
36704623
36692390
36772406
36727726
36749258
36809575
36882025
36832913
36910472
36896682
36913579
36966093
36975679
37014892
37091324
37065015
37098395
37134737
37156744
37118194
37157564
37134094
37149521
37152157
37152921
37020023
37025425
36976988
36995912
37076156
37119541
37061011
37073348
37022868
37053645
37082763
37103041
37044473
37101984
37038435
37070170
37101473
37123233
37060645
37089067
37018952
37050962
37072203
37101418
37056171
37092335
37750437
37750758
37778591
37745309
37777977
37738051
37715442
37709581
37763226
37748441
37785705
37779654
37833398
37847444
37910362
37904909
37857288
37837226
37817129
37800403
37829802
37792893
37793503
37773302
37752926
37768263
37747489
37755832
37729423
37725984
37719556
37712411
37747161
37727952
37725950
37748670
37688160
37715380
37747751
37767574
37724292
37741019
37699869
37732878
37701898
37668305
37550435
37552561
37512537
37528820
37536944
37549702
37502587
37567737
37524745
37522797
37534597
37545603
37539546
37607152
37710306
37700500
37787885
37805369
37814208
37897802
37906840
37927658
37962932
38000202
37959568
37957946
37889413
37889430
37925200
37894385
37952117
37926926
37906522
37895300
37939479
37914517
38006778
38039610
38056635
38037760
38115424
38104951
38169311
38140649
38132112
38118478
38128057
38070674
38110814
38046050
38015379
38007330
38024394
37983027
37959524
37965503
37871436
37891635
37845039
37852296
37777928
37771368
37703101
37712126
37700161
37706183
37763583
37943102
37909953
37939634
37953912
37942137
37903620
37946456
37903502
37933658
37953984
37987076
37907432
37942114
37861866
37891587
37878891
37858578
37825968
37855822
37826542
37844201
37776030
37811624
37786530
37816987
37736598
37750003
37788696
37781520
37738252
37803556
37781936
37802853
37825392
37792879
37746385
37838344
37169423
37186078
37280023
37331013
37291655
37324428
37264549
37293200
37256626
37188106
37068632
37058229
36973151
36991116
37039808
37071000
36993698
37057673
37019859
37044228
37062115
37075488
37018091
37098155
37054388
37079185
37094153
37104300
37056367
37104996
37063601
37083928
37084331
37098627
37017776
37049714
37004504
37000116
37001679
36937652
36959362
36883651
36865208
36849156
36866183
36822958
36838691
36782650
36826828
36823409
36914255
36942766
37041096
37158516
37110770
37142239
37163465
37186481
37142811
37214169
37200177
37221009
37232690
37239257
37183396
37198819
37142444
37169539
37192744
37189562
37143371
37177582
37128346
37149051
37157944
37165065
37102032
37157289
37133870
37160407
37164313
37162491
37102220
37153726
37108082
37129611
37128485
37125751
37062746
37057450
37053165
37047726
37072481
37012655
36984936
36943099
36914680
36901286
36949364
36919073
37011574
37019028
37117290
37114908
37132600
37125633
37113169
37139362
37088693
37088839
37105353
37102895
37063718
37091057
37083428
37102490
37116044
37121784
37116285
37160999
37139844
37161392
37164606
37137054
37065360
37102898
37044265
37058285
37035828
37013496
36948347
36951283
36875749
36884635
36832068
36832586
36772457
36736729
36586237
36597904
36524716
36459621
36332523
36355499
36258099
36291590
36294466
36274288
36152949
36153135
36081845
36105258
36093586
36075903
35997052
36048399
36023932
36046744
36052973
36079403
36051329
36076244
36175886
36177638
36181125
36273886
36289368
36430516
36440262
36464122
36523541
36555921
36522584
36615226
36602360
36628006
36656961
36673009
36645569
36669949
36717735
36728435
36725093
36729866
36697326
36773608
36759124
36783983
36801874
36879092
36899676
36935766
36894990
36927964
36917914
36921071
36794290
36760947
36734107
36755228
36729822
36703515
36658977
36678401
36685322
36710872
36712159
36722923
36686846
36713161
36692976
36707671
36711198
36763181
36772949
36831055
36820258
36830699
36845741
36932743
36961705
36998085
36971805
36997961
37039386
37064404
36982226
37045985
37045071
37063469
37098374
37148334
37119060
37191660
37151621
37174589
37198370
37216897
37175442
37216133
37185262
37205111
37222068
37244992
37201717
37262283
37229165
37272416
37314067
37320330
37267472
37336542
37293876
37314738
37313898
37299797
37229786
37273090
37172737
37180585
37164846
37097828
