44045053
44112791
44042607
44096142
44008856
44085263
44009612
44051948
43976266
44053501
43985406
44037590
43947056
44018905
43961190
43999033
43916754
43992048
43916325
43950043
43865669
43938457
43879286
43910621
43830701
43911421
43841512
43902806
43798272
43871073
43797602
43845608
43755497
43844466
43767724
43810995
43722003
43805604
43724132
43751274
43658277
43730090
43655750
43685531
43598385
43667020
43587809
43626552
43542447
43611048
43543143
43594692
43484503
43560715
43477811
43509380
43434479
43511218
43425433
43476591
43385677
43484674
43391147
43406795
43315455
43397275
43317822
43359054
43264737
43354225
43268437
43304523
43208798
43292657
43208866
43252788
43148146
43229928
43145339
43181907
43095005
43166760
43097418
43153671
43051851
43123066
43059068
43097468
43002263
43064670
42995906
43030810
42952421
43026248
42953353
42996722
42966198
43063010
43026326
43139729
43076105
43176241
43096781
43204330
43133649
43409044
43366592
43442742
43429627
43560483
43482786
43634444
43584259
43708144
43688030
43843602
43791318
43925886
43844819
43975028
43990535
44072298
44005463
44179327
44130474
44240455
44277079
44348268
44288627
44450192
44421675
44518670
44468865
44568961
44525936
44626986
44603676
44647037
44570145
44638905
44614900
44637260
44580468
44634072
44633548
44652844
44588716
44667400
44629553
44664583
44603435
44671801
44632514
44655377
44612888
44671991
44640647
44651704
44608020
44645149
44618661
44641479
44579246
44620650
44596568
44607693
44561727
44600485
44575116
44597912
44544263
44583183
44570815
44570891
44531617
44575262
44549052
44557540
44503209
44537040
44516179
44532309
44478630
44524676
44498822
44508942
44457306
44498029
44469936
44490323
44429538
44487365
44469195
44477391
44430976
44480036
44429416
44454738
44393930
44430402
44410445
44433325
44377705
44421049
44411294
44424065
44369941
44417767
44383465
44397583
44344346
44389845
44355489
44371654
44330055
44372276
44353834
44363940
44304459
44350405
44318886
44378552
44300234
44338041
44340129
44375283
44314959
44362018
44345611
44349561
44317146
44191052
44118054
44155351
44094066
44164803
44125165
44180121
44111067
44177111
44149417
44191976
44133999
44216194
44164460
44205323
44134302
44160456
44172523
44170954
44158888
44201544
44176402
44207263
44160509
44214886
44170183
44207094
44165407
44192981
44166947
44190492
44128854
44139801
44142456
44155062
44013502
43955855
43893240
43875715
43665694
43658046
43597355
43530696
43447587
43408835
43346868
43274084
43157919
43141870
43070900
43017949
42846281
42873929
42784215
42710483
42623225
42606346
42508609
42468397
42337295
42354007
42290116
42219254
42118065
42176433
42080658
41923228
41887791
41861542
41771738
41757354
41647107
41612588
41536847
41500860
41303305
41367207
41271877
41323438
41277118
41322664
41222517
41303974
41259219
41289310
41221384
41287118
41250126
41286418
41219921
41273449
41249126
41273574
41191289
41256761
41232320
41256125
41185335
41259798
41202226
41222142
41175650
41224789
41214129
41207645
41140859
41205844
41175029
41197602
41136163
41202266
41165821
41176465
41117988
41154052
41144134
41148983
41075169
41140992
41126096
41143543
41089949
41139764
41120150
41154912
41083500
41131687
41118634
41130008
41068068
41131982
41111895
41139493
41079310
41150051
41115382
41144951
41090433
41142652
41114492
41147483
41055709
41103403
41099776
41114755
41054650
41122729
41066646
41101721
41046189
41096318
41084634
41099965
41034845
41073903
41061804
41076856
41022989
41088490
41041121
41071029
41026246
41067566
41046260
41087226
41023373
41073030
41052521
41055897
41004451
41069566
41030050
41058582
41000818
41023648
41008525
41021159
40958431
41017141
40997333
41017428
40971729
41026715
41006332
41033636
40969453
41009117
41004390
41030455
40952867
41021823
40999235
40998403
40959124
41019631
40995456
41002655
40963322
40820264
40800517
40819523
40741863
40814841
40791212
40795300
40758614
40836570
40798966
40832867
40778712
40851440
40825714
40862302
40791064
40864171
40831347
40874386
40809244
40888346
40865844
40901602
40838365
40888105
40867718
40898635
40827219
40882391
40850887
40869311
40813380
40872855
40843643
40881167
40823899
40865566
40854547
40873159
40813332
40892803
40869819
40933002
40863797
40925220
40913073
40958159
40879427
40932029
40909647
40952439
40870193
40944661
40902252
40925574
40875338
40937358
40894427
40931443
40878601
40916027
40901131
40932570
40868317
40938838
40904439
40933543
40869448
40899118
40913815
40884027
40877830
40918931
40915292
40948897
40877730
40937528
40918381
40947722
40895182
40949982
40925737
40962689
40904793
40952225
40938779
40959155
40892041
40959664
40916754
40948483
40886447
40945157
40881488
40907689
40848716
40906726
40895167
40936768
40852034
40921545
40903799
40944066
40866785
40935477
40882371
40913811
40853712
40909919
40876506
40898234
40840728
40910732
40872826
40902371
40848937
40901489
40855754
40898711
40842057
40880531
40862848
40899502
40832752
40900823
40859722
40891675
40827429
40888736
40830096
40866979
40808264
40867217
40839498
40877402
40816562
40883324
40846763
40880084
40812951
40862396
40822012
40852628
40810142
40846033
40836928
40873208
40806471
40868781
40835009
40857275
40786626
40859323
40813863
40848159
40798536
40855954
40824212
40867124
40800487
40852921
40828020
40854772
40802109
40850723
40795369
40838140
40803840
40809795
40842249
40807665
