33391010
33512986
33461166
33536904
33408675
33450065
33310372
33374721
33349890
33441165
33419346
33454380
33391613
33449961
33423854
33438387
33380216
33427799
33331643
33433124
33476244
33494260
33411943
33487708
33446965
33434230
33387124
33408100
33387408
33386517
33358473
33347878
33360988
33381185
33397273
33395022
33413863
33396301
33395891
33445985
33453885
33484404
33437470
33455828
33504567
33472480
33473927
33535743
33555025
33589783
33520619
33524891
23923970
24019434
24007067
24038228
23939886
24102337
24065261
24114037
23987999
24154684
24192174
24282426
24208511
24460385
24525527
24630576
24584875
24857188
24909495
24997660
24929660
25143182
25183694
25262310
25181034
25399815
25395095
25473123
25405499
25577996
25571352
25612291
25532656
25688289
25669017
25724542
25645628
25786098
25792667
25829313
25759704
25866419
25873938
25880267
25848309
25937707
25913156
25973755
25864866
25810119
25684423
25304653
25042612
24795960
24413682
24220697
23899043
23842171
23616470
23595248
23420295
23485309
23415536
23395318
23178480
23277555
23244303
23263080
23181503
23415736
23469438
23521291
23416408
23645549
23788400
23906858
23814665
24052969
24073192
24098661
23996246
24300547
24402045
24551799
24493741
24727638
24789904
24929563
24882911
25120544
25144665
25189777
25140324
25366767
25409093
25555037
25491541
25629014
25619371
25728289
25627938
25839401
25840611
25944898
25855282
25960249
25930501
25975174
25906109
26004370
25946591
25949017
25853664
25863775
26576758
26571851
26540863
26733195
26880935
27151458
27218563
27438501
27538631
27626338
27486559
27434438
27282981
27268434
27215151
27362781
27378238
27447884
27328167
27237876
27102926
27074634
26992820
27119117
27156883
27219277
27030713
26925629
26771810
26676484
26549839
26652048
26703331
26729941
26545472
26519066
26448068
26454894
26431385
26589663
26686820
26639831
26389377
26310110
26286235
26162138
23998231
24255787
24421447
24712163
24906343
25188727
25311601
25589516
25395752
25286474
25226947
25186319
25229563
25505378
25551357
25749967
25744398
25638908
25267315
25127830
25016682
25066582
25187858
25394057
25361184
25591575
25492630
25205053
24827655
24943817
24882599
24920783
24694346
24605220
24605143
24875701
24886059
25036699
24904038
24802007
24722907
24924555
25000007
25306765
25166652
25051030
24749261
24525550
24476215
24565325
24575496
24829984
24782804
24797116
24707428
24688187
24679017
24807832
24790990
24822077
24771337
24781362
24592371
24684437
24560390
24719744
24759682
24685166
24549955
24695625
24459202
24352926
24283536
24509468
24594234
24740311
24888827
25209512
25281757
25125872
24897736
24803300
24761063
24809819
24776277
24959455
25130057
25095702
25000170
25093949
24991785
24886443
24706735
24686956
24566851
24575609
24410931
24569762
24659215
24684288
24676730
24904962
24890684
24905004
24700761
24728769
24759190
24885075
24860179
24968149
24811034
24796893
24672741
24708076
24773024
25080917
25276569
25415555
25154093
24750249
24342518
24091479
23962685
24213631
24574734
24857549
24975692
24897335
24653150
24394474
24160012
24139210
24134223
24383890
24604931
24768513
24628429
24554544
24410370
24551727
24548229
24653414
24837247
24849790
24664626
24670220
24442139
24615472
24582656
24672143
24669344
24779409
24557779
24395457
24352983
24533968
24633642
24804515
24829430
25029446
24860933
24657221
24460324
24434238
24447450
24491629
24158299
23899608
23818935
23651595
23567296
23634599
23638096
23586501
23461568
23444801
23410273
23484229
23493223
23737030
23791146
23752773
23519260
23225640
22966509
23032710
23271703
26045530
26101604
26068913
26099919
25983118
26062398
26040181
26083797
25968725
26081217
26044729
26049876
25903640
25956812
25901401
25923884
25804815
25982941
25859832
25810132
25681244
25768642
25691999
25701189
25614069
25772686
25708986
25798408
25698081
25951776
26027232
26167293
26099047
26279178
26246212
26275731
26128451
26281622
26165266
26047893
25902124
25991150
25849310
25804898
25527661
25574783
25342688
25232267
25012883
25133160
25050633
25021143
24854176
25073720
25132331
25167875
25079612
25265737
25254767
25307665
25141226
25427059
25447194
25507789
25384213
25573243
25508935
25475710
25293034
25502640
25430071
25385289
25163598
25354619
25430273
25502714
25405669
25694709
25728051
25801202
25719572
25832669
25782533
25754202
25506936
25624407
25462084
25315708
24881562
24680112
24422906
24496621
24353136
24439005
24329999
24340428
24295060
24514061
24517774
24511998
24411594
24847323
25260019
25916831
26451777
27135276
27485311
27878989
28061345
28218900
28222704
28278744
28317431
28372405
28352663
28454081
28500591
28677284
28731908
28758813
28736947
28765983
28586688
28573739
28352694
28503877
28440257
28540403
28446059
28485961
28387555
28230344
28064835
28079847
27891413
27783640
27556132
27582455
27452530
27434591
27326614
27389707
27302890
27294930
27122888
27225280
27224755
27251863
27111357
27117218
26963570
26908174
26727381
26813026
26750137
26804186
26777277
27010286
27042356
27132739
27068177
27253107
27240326
27310209
27195342
27258999
27070638
27092450
26923196
27000170
26900680
26914831
26810327
26989617
26994534
27092289
27022054
27174701
27125043
27159540
27034921
27178635
27113296
27134310
26997408
27112327
27055626
27075476
26909993
27010343
26929587
26949227
26784984
26944250
26871130
26867756
26694017
26808629
26739076
26736855
26548389
