18743636
18775806
18783859
18794920
18768549
18778419
18800963
18763342
18809403
18792056
18827751
18796758
18814439
18790574
18808981
18781737
18809194
18789804
18809019
18770772
18808967
18788224
18817848
18771430
18807478
18776431
18826230
18820837
18841013
18809524
18836542
18806297
18840304
18816023
18824637
18792685
18811774
18777076
18795376
18761317
18762369
18796990
18754006
18796757
18787551
18792601
18768089
18804639
18796949
18809987
18778696
18839545
18808554
18838263
18813671
18832961
18802963
18828299
18790677
18826873
18807975
18851943
18835643
18859790
18816263
18842852
18819703
18873378
18857306
18913967
18913615
19000711
19000319
19030157
18978350
18991943
18942902
18917783
18844637
18843418
18807280
18844175
18821840
18836740
18808250
18864120
18872784
18942718
18950231
19041040
19067196
19124439
19114916
19151584
19120119
19140544
19089274
19082074
19026782
19032617
19029792
19034358
18999216
19051089
19048588
19050063
19010725
18996499
19008098
18946621
18951606
18896690
18871201
18792795
18831971
18819682
18843824
18815994
18860647
18863352
18872125
18831780
18869850
18841775
18850438
18806445
18822552
18773444
18843413
18797365
18813473
18769074
18789545
18815505
18787056
18811216
18855199
18828047
18888928
18876685
18947185
18947352
18962697
18948453
18958809
18973271
18924953
18928524
18883682
18878924
18849943
18890626
18872376
18888505
18865695
18903175
18915474
18927491
18918723
18965334
18989411
19032671
19031620
19076368
19064886
19060154
19029877
19006263
19006742
18954318
18985671
18954970
18958395
18926744
18964369
18950906
18951673
18918839
18938182
18916119
18947331
18941407
18976059
18964889
19000125
18989426
18989110
18966256
18971912
18991569
18967287
18984179
18995674
18932840
18850943
18791974
18850059
18847086
18893086
18920158
18955950
18993769
18983124
18979659
18922111
18893398
18832464
18863577
18854174
18891857
18856149
18886360
18869873
18883184
18870064
18881973
18874310
18889227
18853325
18890558
18882778
18909920
18890001
18903315
18891575
18916770
18908222
18934883
18976898
18964865
18980010
19048015
19045540
19116400
19112135
19146043
19195164
19224714
19184577
19182839
19120484
19148399
19097611
19116531
19056978
19077695
19032111
19041924
19005040
18998207
19014018
19050041
19039546
19063085
19029725
19069322
19046218
19068261
19040496
19082439
19052468
19073345
19042797
19087100
19072699
19089504
19053163
19091012
19075691
19097643
19074671
19093363
19072830
19069655
19099072
19076279
19077638
19099665
19078903
19102476
19084526
19110326
19098705
19120915
19117232
19138177
19118620
19070333
18984542
18925602
18832506
18819358
18779110
18779921
18722175
18675907
18677238
18637990
18646352
18632466
18672263
18681121
18720694
18712525
18746910
18775584
18745662
18742933
18767390
18754790
18789380
18801708
18820596
18870636
18879051
18915636
18979419
18995435
19059043
19036668
19052627
19036924
19053185
19047714
19099864
19083666
19074967
19012199
18952866
18939694
18923662
18949625
18922532
18946248
18919308
18874861
18823099
18840045
18805651
18813815
18795347
18825079
18785374
18809238
18774961
18788217
18738953
18762903
18742186
18748957
18726645
18757178
18748280
18755427
18733612
18732703
18755153
18723174
18763310
18740049
18760758
18734214
18755759
18727120
18780032
18767926
18791756
18767509
18786252
18809426
18793403
18816999
18853021
18852278
18898796
18907186
18946089
18946163
18962769
18961483
18977188
18933966
18921864
18902360
18926397
18915329
18919252
18905446
18911844
18869820
18868696
18853199
18835887
18840773
18815210
18818557
18784640
18781812
18774530
18791955
18763604
18801713
18787856
18799803
18778355
18805257
18792586
18813920
18778613
18798193
18776655
18810337
18794516
18871142
18873397
18896332
18880465
18899321
18872394
18848485
18792778
18750958
18674973
18676818
18623079
18634119
18586979
18601486
18585997
18592658
18573086
18591264
18616988
18682530
18707053
18755404
18748392
18794833
18784163
18796755
18765160
18808720
18807175
18838268
18792809
18849683
18826428
18845039
18808426
18849238
18835537
18850691
18825583
18863760
18854052
18868474
18839016
18867835
18861125
18869716
18839851
18875765
18866952
18876147
18847521
18884853
18874722
18881461
18863407
18892770
18882069
18880309
18858733
18867869
18851156
18851499
18854473
18854180
18850176
18851949
18846298
18882496
18878708
18889334
18863144
18894716
18880890
18886987
18851988
18869653
18848520
18884359
18858179
18900013
18844849
18832563
18733226
18659944
18576096
18565813
18608359
18710281
18753361
18821043
18825130
18896079
18897948
18924340
18926126
18970274
18973889
18983480
18953054
18956038
18965440
18927002
18950113
18909366
18943033
18906753
18941979
18938981
18955575
18919665
18900547
18907812
18828397
18794245
18794522
18762669
18766014
18745716
18786307
18788934
18797458
18871651
18874830
18920403
18895829
18946851
18941595
18975423
18948615
18989411
18974971
18999924
18983224
19030042
18998699
19011950
18979141
18972131
19003175
18977127
19017544
18995441
19041176
19019934
19044294
19009264
19042956
19011562
19026999
18993732
18968521
18996130
18965408
18999924
19007748
19068004
19068778
19094290
19123181
19113151
19149181
19154282
19154406
19141511
19154444
19108790
19115551
19087725
19111803
19098473
19130208
19111802
19190185
19199353
19225112
19181669
19241335
19203177
19218811
19183789
19187517
19159765
19179859
19161596
19158760
19114566
