53892191
53897427
53898841
53898409
53893451
53896435
53883239
53883163
53881524
53883335
53881112
53881563
53880745
53889212
53889180
53889255
53887423
53891137
53890760
53891038
53888377
53889498
53889274
53889631
53887525
53887183
53888861
53887019
53890401
53889282
53890138
53887588
53892436
53891657
53893247
53890666
53897952
53897339
53898192
53893643
53902022
53899377
53900877
53890775
53893217
53892750
53892822
53886730
53889829
53889531
53890001
53885113
53888412
53888215
53888403
53884702
53887617
53887351
53887390
53884996
53888592
53888334
53881799
53878979
53881132
53880742
53878890
53876603
53878818
53878651
53878294
53874484
53876559
53881382
53881512
53880290
53885022
53886907
53887265
53883519
53887803
53884141
53884966
53878620
53883235
53880619
53881579
53878014
53881960
53881609
53882324
53878271
53878692
53878524
53879321
53877114
53879015
53878050
53878601
53874117
53884582
53883955
53884623
53874185
53879753
53879650
53880098
53877255
53883807
53882878
53883638
53877999
53882974
53882738
53883031
53879751
53883329
53882987
53880458
53877313
53880209
53879785
53874867
53872978
53874962
53874139
53870430
53867853
53870270
53870107
53869490
53867073
53870667
53869996
53872166
53869226
53873883
53875945
53877272
54551132
54555748
54551562
54552379
54548548
54551398
54548096
54548446
54545686
54548296
54548595
54548867
54544338
54552328
54551893
54552298
54549722
54559975
54559334
54559634
54555868
54555900
54555654
54555846
54553486
54548102
54547769
54547881
54543500
54546100
54545942
54546105
54546758
54550425
54550349
54550670
54548001
54552555
54552460
54552715
54550254
54553678
54553569
54553712
54548899
54556626
54556526
54556898
54552793
54556532
54556166
54556579
54551556
54554802
54554603
54554979
54552028
54555761
54554530
54554737
54552197
54553379
54554718
54554675
54551359
54556468
54156532
54157663
54153117
54156755
54156470
54155030
54152338
54154173
54154040
54154113
54150829
54154123
54154011
54154365
54148863
54153159
54152829
54153110
54150379
54152864
54152002
54152210
54146437
54151532
54151385
54152087
54150257
54153269
54153127
54153414
54150181
54152215
54152120
54152271
54150564
54153565
54153310
54153422
54152218
54166125
54160241
54164978
54559290
54560102
54559220
54571435
54572433
54572339
54572352
54570005
54570973
54570914
54570767
54570044
54570624
54570565
54570030
54570143
54570963
54570904
54570757
54570571
54571361
54571302
54571164
54570768
54571664
54571605
54571458
54570812
53952586
53952323
53952567
53952176
53953433
53953126
53953440
53952556
53954451
53954118
53954362
53953774
53954108
53953857
53953998
53952486
53956018
53955699
53956644
53956093
53958117
53958234
53957590
53956847
53958492
53958285
53958015
53955691
53957078
53956864
53957188
53956166
53957399
53957202
53957160
53956437
53957213
53956996
53956869
53955602
53957008
53956980
53956750
53955756
53957238
53957258
53957214
53955425
53957073
53957045
53956917
53955907
53958218
53958194
53958066
53957109
53958097
53958069
53957953
53957900
53958841
53959035
53958956
53956867
53958080
53958048
53957936
53956113
53957215
53957180
53957155
53954879
53955840
53955696
53955506
53954630
53955583
53955455
53955187
53952721
53955519
54572365
54572467
54572185
54573061
54573064
54573110
54570858
54571811
54439539
54439640
54439245
54440283
54440390
54440382
54439635
54440719
54440703
54440083
54438936
54439424
54439412
54439364
54438936
54439424
54439412
54439364
54438680
54439110
54438680
54361320
54364606
54360370
54435090
54433010
54445127
54363043
54398001
54365881
54408749
54508215
54512473
54509544
54543443
54528190
54543441
54557027
54551672
54556658
54584276
54580338
54568377
54566087
54584290
54169539
54157847
54166361
54153288
54153072
54146383
54170462
54158172
54148798
54144630
54155467
54158776
54168611
54164458
54151369
54153985
54163434
54167739
54164197
54163801
54165404
54146277
54153446
54146964
54155117
54145751
54150031
54145639
54139181
54148945
54138591
54135649
54137184
54130940
54120534
54132723
54250195
54244460
54237548
54245289
54248559
54248761
54263497
54260972
54249111
54249260
54255366
54250402
54245124
54243053
54242853
54240120
54239086
54233727
54251241
54247619
54228562
54235300
54227698
54232529
54242082
54238033
54239327
54232745
54223431
54211819
54224026
54225221
54216462
54222096
54207083
54545654
54561883
54555782
54550046
54554541
54559581
54564874
54554027
54570952
54572269
54571336
54587259
54573377
54553793
54565053
54561548
54568266
54564967
54485934
54472557
54525891
54142454
54151124
54104516
54111207
54117131
54138839
54134069
54134010
54121217
54142406
54143976
54139679
54166024
54172722
54162905
54192322
54178377
54163041
54196674
54323158
54319139
54305362
54362659
54111338
54111244
54042696
54049917
53953255
53957030
53997549
53970374
53989124
53992104
54024662
53882686
53871215
53863808
53864746
53870982
53874877
53903129
53894135
53879121
53886818
53890296
53894104
53887031
53896991
53885842
53891349
53905208
53893154
53893996
53897174
53880115
53881800
53875993
53884334
53886652
53895817
53898943
53882858
53886690
53883684
54275195
54291881
54285972
54267116
54232581
54239504
54263402
54259330
54120068
54120960
54186671
54141949
54161229
54106735
54171671
54093588
54091248
54080489
54069261
54078638
54089192
54089972
54083797
54086911
54079627
54083391
54111190
54103004
53846742
53807951
53803123
53807002
53799291
53812830
53825089
