26383947
28117377
28128942
28101191
28056874
27984389
27960709
27959243
27956221
27952316
27944192
27861931
27884995
27819159
27758349
27681365
27636470
27629741
27587383
27535507
27502625
27505585
27500665
27576882
27616996
27665061
27684703
27702042
27726697
27773594
27700304
27567883
27564744
27415347
27472110
27525590
27602743
27593571
27661196
27667454
27682998
27657522
27658649
27678111
27656560
27675485
27652541
27662677
27691832
27699579
27660033
27702306
27696787
27742818
27715737
27756526
27706617
27704569
27734218
27694042
27689462
27708726
27694165
27710096
27707576
27706120
27641680
27644575
27579334
27528465
27480655
27428595
27425392
27359883
27294427
27306267
27258360
27252734
27262432
27225019
27215218
27127982
27149564
27138174
27148391
27100152
27115448
27108482
27117522
27158966
27134755
27179261
27172773
27209047
27215650
27270551
27260848
27258644
27297828
27291301
27367169
27363929
27377780
27409640
27463044
27423026
27461137
27461190
27500339
27473975
27489730
27457390
27484743
27505723
27548481
27540905
27563055
27560038
27647169
27624161
27661749
27640176
27660970
27718219
27762676
27721188
27749986
27740948
27764441
27683373
27730834
27731369
27729291
27699605
27740905
27779044
27769198
27783325
27656388
27582298
27475105
27487662
27519089
27609452
27657739
27654918
27641247
27718246
27737164
27702734
27640165
27665192
27657597
27641647
27637851
27648724
27663243
27650088
27603430
27492744
27494531
27494381
27539784
27535626
27546004
27543066
27539754
27547308
27501291
27510735
27481783
27504059
27537792
27614859
27606265
27609073
27598484
27596558
27568675
27488289
27440117
27435197
27389698
27386985
27398029
27355979
27366947
27358046
27336427
27277536
27291328
27285051
27299151
27296181
27352725
27337262
27331608
27391546
27432720
27493784
27457942
27473035
27468688
27478341
27414296
27454563
27448079
27427216
27399907
27423952
27417733
27427897
27403510
27439061
27391246
27391376
27383410
27383124
27325360
27365573
27344654
27371599
27404706
27431599
27360329
27387909
27381242
27384291
27421993
27373595
27412574
27411478
27393368
27423027
27496881
27474247
27492121
27479766
27501113
27497320
27493212
27478723
27525318
27513893
27544404
27508723
27509154
27550565
27509271
27512296
27523394
27590556
27626481
27594958
27621900
27599961
27605897
27622660
27607100
27615142
27613937
27610777
23610589
23631114
23597733
23576364
23563941
23553650
23587052
23569644
23581533
23567897
23587317
23616099
23593525
23613948
23619167
23579734
23549478
23510115
23490825
23488080
23454627
23379947
23389177
23341354
23355990
23312904
23297871
23239259
23271915
23267185
23266798
23239854
23266843
23253779
23272076
23263539
23300356
23294364
23345101
23341289
23385414
23363484
23415476
23402276
23403705
23442712
23393155
23353481
23268397
23271184
23142333
22990952
22909009
22910723
22908878
22922387
22885470
22900969
22873522
22894529
22909394
22937318
22900955
22938565
22929852
22931976
22886041
22899238
22874525
22888153
22887151
22884171
22833099
22864959
22875592
22880215
22970740
23064672
23156206
23157024
23181639
23208627
23252117
23189481
23190975
23206778
23154414
23183753
23142732
23143712
23173142
23121327
23162172
23132578
23142902
23156818
23161628
23139622
23163680
23162152
23163683
23158802
23185174
23190037
23194842
23165449
23165281
23197771
23161537
23163653
23196038
23158040
23167778
23158606
23158127
23243796
23205042
23218342
23216360
23258349
23314216
23378059
23367386
23390758
23417374
23427858
23396605
23415654
23411674
23438817
23411084
23466642
23473629
23471790
23527392
23453373
23454069
23394722
23400159
23386257
23378595
23343968
23364141
23358448
23400656
23358925
23405947
23384054
23392472
23443111
23469034
23454209
23501283
23513377
23549365
23615944
23681521
23771839
23769126
23949070
24054612
24363719
24585562
24600630
24868843
25149819
25238733
25278822
25278288
25291600
25305932
25255751
25270212
25264535
25270700
25267025
25288901
25280222
25284114
25323760
25297636
25326245
25313263
25318391
25259331
25223194
25116763
25015644
25010052
24987952
25075908
25072208
25325078
25325028
25453386
25520645
25602791
25629623
25647393
25665119
25683152
25671787
25672103
25670873
25615919
25466647
25108339
24387053
24392801
23588834
23097863
22893881
22844740
22842805
22889244
23014113
23034619
23093798
23090585
23108896
23070245
23089418
23016210
23016676
22988983
22882020
22883813
22822899
22843060
22826216
22850291
22818364
22901732
22895965
22914357
22876347
22922644
22906054
22918444
22971489
23011093
22970530
22971463
22974897
23010895
23088251
23097931
23163015
23166592
23174371
23196097
23185560
23269179
23270188
23326869
23370033
23423538
23352504
23354567
23264596
23174054
23141605
23275157
23271980
23352991
23464872
23515677
23577962
23576327
23661495
23659072
23710719
23690567
23723620
23727107
23739721
23702625
23687919
23696945
23644958
23657125
23626570
45268959
45272480
45270481
45274303
45263866
45254061
45253586
45248926
45215111
45187614
45169437
45167818
45155740
45148722
45140602
45144236
45143964
45148856
45139923
45153830
45161091
45164157
45171333
45209600
45281844
45333341
45333777
45392490
45474626
45517514
45524352
45512629
45490159
45394773
45278239
45102656
45111549
45030360
44966590
44919440
44904553
44909613
44890997
44910277
44893103
44803618
44800356
44833283
44758935
44734395
44598303
44615618
44578247
44534097
44457530
44442369
