37504251
37494422
37486808
37532211
37529392
37535131
37503549
37517233
37520125
37525620
37509757
37520860
37517865
37543469
37554581
37558208
37567395
37566250
37576843
37575729
37584971
37618273
37609649
37619591
37634793
37652140
37666449
37663744
37669022
37678415
37738078
37741921
37751126
37741697
37750468
37744925
37738634
37736469
37725413
37815394
37814064
37803251
37782919
37785908
37783721
37779856
37779170
37776782
37803138
37790090
37758881
37763320
37758292
37795067
37785270
37780785
37829351
37822191
37817638
37797730
37787789
37793582
37787870
37810043
37809308
37827076
37838928
37838447
37847413
37830881
37836092
37842773
37842518
37864476
37869567
37858683
37857964
37855624
37850607
37857818
37861788
37865189
37864627
37870073
37875035
37874271
37885413
37885474
37889949
37893436
37885183
37916442
37915599
37914788
37907571
37903081
37907428
37934865
37922813
37918199
37932784
37959438
37944741
37949859
37953189
37952188
37969513
37967253
37971254
37985841
37985275
37964030
37961997
37943084
37963260
37949061
37940538
37936710
37940144
37938432
37935189
37952271
37933828
37950137
37958776
37940814
37955536
37962526
37997964
38014202
38004189
38010135
38016961
38019015
38025440
26816791
26817270
26817274
26424471
26423191
26424047
26424041
26424052
26423930
26424000
26423989
26423989
26423640
26423861
26423861
26423872
26423802
26423872
26423861
26423861
26423640
26423861
26423861
26423872
26423802
26423811
26423811
26423811
26423802
26423811
26423811
26423811
26423802
26423811
26423811
26423811
26423802
26423811
26423811
26423811
26423666
26423811
26423811
26423811
26423802
26424282
26424250
26424369
27106841
27107092
27107073
27107083
27106812
27106821
27106821
27106821
27106812
27106821
27106821
27106821
27106812
27106821
27106821
27106821
27106812
27106821
27106821
27106821
27106812
27106821
27106821
27106821
27106812
27106821
27106821
27106821
27106812
27106821
27106821
27106821
27106812
27106821
27106821
27106821
27106812
27106821
27106821
27106821
27106812
27106821
27106821
27106821
27106812
27106821
27106821
27106821
27106812
27106821
27106821
27106821
27106812
27107271
27107117
26420467
26419956
26420169
26420169
26420169
26419582
26419591
26419591
26419591
26419582
26419591
26419591
26419591
26419582
26419591
26419591
26419591
26419582
26419591
26419591
26419591
26419582
26419591
26419591
26419591
26419582
26419591
26419591
26419591
26419582
26419591
26419591
26419591
26419582
26419591
26419591
26419591
26419582
26419591
26419591
26419591
26419582
26419591
26419591
26419591
26419582
26419591
26419591
26419591
26419582
26419591
26419591
26419591
26419582
26419591
26419591
26419591
26419582
26419591
26419591
26419591
26419582
26419591
26419591
26419591
26419582
26419591
26419591
26419591
26419582
26419591
26419591
26419591
26419070
26419143
26419143
26419143
26419070
26419143
26419143
26419143
26419070
26419079
26419079
26419079
26419070
26419079
26419079
26419079
26419070
26419143
26419143
26419143
26418942
26419047
26419047
26419047
26419006
26419853
26419711
26519253
26519124
26519975
26519651
26519651
26518626
26522040
26521540
26521540
26512631
26513646
26513545
26513556
26513139
26514378
26514300
26514291
26513231
26513972
26513972
26513972
26512964
26513106
26513106
26513106
26512947
26512978
26512978
26512978
26512509
26512978
26512978
26512978
26512947
26513021
26512906
26512920
26512243
26513287
26513043
26513131
26965459
26965694
26965672
26965801
26965330
26965330
26966341
26967648
26967633
26967642
26966624
26966624
26966624
26966624
26966124
26966224
26966224
26966224
26966224
26966224
26966224
26966224
26966224
26966224
26966224
26966224
26966224
26966224
26966224
26966224
26966224
26966224
26966224
26966224
26966224
26966224
26966224
26966224
26966224
26966224
26966224
26966224
26966224
26966224
26966224
26966224
26966224
26513570
26513569
26513631
26513457
26513594
26513620
26513660
26513610
26513610
26513610
26513610
26513610
26513610
26513610
26513610
26513610
26513741
26513732
26513729
26512456
26513596
26513596
26513596
26513532
26513596
26513596
26513596
26512968
26513596
26513596
26513596
26513532
26513532
26513532
26513532
26513532
26513924
26513956
26514111
26513837
26513837
26513837
26513837
26513837
26513837
26513837
26513837
26513837
26513837
26513837
26513837
26513837
26513837
26513837
26513837
26513837
26513837
26513837
26513837
26513837
26513837
26513837
26513837
26513837
26513837
26513837
26513837
26513837
26513837
26513837
26513837
26513837
26513837
26513837
26513837
26513837
26513837
26513837
26513837
26513837
26513837
26513837
26513837
26513837
26513837
26513837
26513837
26513837
26513837
26513837
26513837
26513837
26513837
26513837
26513837
26513837
26513888
26513873
26513870
26512790
26513371
26513365
26513365
26513347
26514540
26514540
26514540
26514013
26514013
26514013
26514013
26513277
26513277
26513277
26513277
26513277
26513277
26513277
26513277
26513277
26513277
26513277
26513277
26513277
26513277
26513277
26513213
17359665
17359783
17359780
17359510
17358394
17208804
17208798
17209204
17208420
17208513
17208490
17208516
17208224
17208411
17208390
17208411
17208381
17208411
17208390
17208411
17208381
17208411
17208390
17208411
17208381
17208411
17208390
17208399
17208381
17208532
17055227
17329339
17329053
17329099
17329099
17329180
17328800
17328800
17328800
17328800
17328379
17328379
17328379
17328379
17328379
17328379
17328379
