49673885
49696371
49706436
49722752
49683480
49684046
49704933
49697006
34521078
34527965
34534799
34642904
34609483
34734113
34718492
34835091
34695410
34871651
34767753
34777623
34903402
34953047
34832800
34980871
34975527
35036768
34948598
35100437
35010505
35016722
35159702
35197797
35104135
35279447
35277922
35288437
35218558
35336649
35247838
35251562
35416683
35457010
35393053
35512982
35515555
35679512
35602589
35713306
35633092
35640018
35776899
35794881
35729184
35807686
35806811
35936292
35888786
36023738
36060667
36063435
36061035
36119890
36180776
36068562
36070449
36178514
36158972
36100843
36191893
36188210
36281882
36200412
36331412
36287433
36296710
36447790
36495734
36452450
36558450
36557235
36649607
36571453
36707868
36694497
36701565
36890406
37033504
37040865
37180594
37178385
37348045
37313429
37502207
37504686
37508063
37674862
37732028
37710558
37840475
37839883
37941044
37913362
38076164
38047203
38052311
38191036
38246172
38219246
38328223
38325165
38433911
38338015
38430424
38358324
38369084
38448415
38432503
38322895
38383215
38382699
38388384
38228845
38263160
38116035
38119652
38173186
38135793
37996211
38029705
38027440
38047152
37876372
37938803
37792765
37802694
37828541
37780348
37610803
37625488
37623890
37617037
37461953
37490791
37383050
37409077
37401569
37290970
37138726
37143547
37139462
37121983
36989155
37015373
37060404
37070023
37047290
37116171
37104849
37008260
37006398
37116012
37118668
37135074
37064359
37070281
37136763
37136258
37043064
37100667
37095791
37179336
37136912
37243415
37307708
37310953
37264090
37250451
37249099
37097130
37101421
37144349
37096621
37005320
37041059
37039810
37001600
36920840
37002677
36899376
36903669
36965762
36957347
36883540
36967736
36966982
36942372
36831787
36909471
36839245
36842274
36943932
36943122
36855429
36984847
36986064
37084134
36997324
37097115
37018109
37022202
37102660
37110176
37016901
37132830
37132295
37140436
37060718
36940783
36831010
36834621
36913110
36919193
36808348
36874458
36873853
36840115
36753426
36827399
36746050
36751340
36816326
36808318
36697841
36763570
36762797
36792236
36677474
36763391
36685437
36690297
36778094
36836486
36770744
36897536
36897818
36940708
36865351
36910566
36896987
36810884
36838154
36877284
36892102
36781544
36831978
36827710
36788439
36640306
36714138
36593298
36598400
36464477
36376490
36287943
36052378
36055123
35954114
35836912
35630097
35588932
35586552
35459367
35213204
35155026
34964660
34961302
34964221
34896344
34803477
34621221
34626927
34616586
34504356
34284123
34196807
34196999
34005838
33721758
33621735
33346179
33351061
33203540
33005660
32746084
32650798
32649666
32332830
32080088
31987122
31728057
31734227
31619258
31428957
31165568
31044501
31044144
30862615
30591105
30467721
30211707
30227840
30096934
29940975
29651035
29531438
29531196
29373972
29119187
29023818
28788850
28797549
28700443
28577435
28345257
28214951
28211108
27980827
28112789
28341151
28586885
28969191
29096894
29308651
29471177
29781979
29971945
30232234
30471598
30823474
30989953
31315530
31564392
31847478
32290438
32474230
32874160
33152555
33514619
33670087
34120621
34446451
34905268
35170491
35546815
35751551
36242808
36549920
36991589
37212383
37706267
37994194
38562958
38926307
39446192
39726366
40289845
40692028
41213360
41436096
42007016
42477071
43050892
43287892
43908043
44393255
44951959
45268891
45729378
46385041
46662288
46676775
46719431
46751107
46777072
46808191
46842718
46864987
46896142
46910450
46933839
46953213
46969520
46993195
46997085
47004679
47019201
47033036
47042527
47055529
47072902
46282903
45264255
44346541
43195822
42383605
41324282
40506721
39484920
38623461
37563995
36620388
35382435
34590946
33537770
32626639
31434499
30674506
29636958
28708977
27539824
26735589
25697029
24759004
23573128
22820688
21754561
20854766
19683749
18948115
17919048
16989954
15818463
15004971
13978874
13152227
12086219
11201643
10070904
9100561
7941203
7139118
6113126
5202236
3999169
3097040
2069513
1201325
304128
304128
846262
1232032
2208657
2788179
3547599
4385271
5061578
5708805
6343915
7194799
7952155
8723429
9289805
9996702
10543543
11598276
11587157
12622499
13091113
13775741
14099828
14849173
15358969
16086794
16555524
17002125
17741153
18587086
19003613
19897296
20453572
21356377
21761301
22501284
23383472
23786996
24761825
25255100
26280816
26708887
27521163
27933816
28861565
29368609
30165935
30612266
31537550
32006672
32093931
32011450
32006398
32008886
32011118
32026066
32163471
32195537
32247575
32125136
32308743
32233948
32323112
32202219
32364735
32298074
32341154
32212156
32363650
32281983
32332804
32186644
32299313
32217549
32262292
32119542
32203398
32096259
32107624
31947789
32038839
31942453
31948199
31768622
31849044
31733121
31698338
31517108
31587103
31472165
31452134
31250782
31316460
31179050
31140528
30945066
31004795
30877124
30864750
30670489
30732926
30593000
30574802
30397857
30467323
30339043
30342958
30146028
30223391
30119816
30097059
29929612
30032375
29934270
29929264
29775621
29887616
29780971
29807592
29644219
29786420
29684515
29714228
29566084
29665124
29590950
29563692
29449011
29429658
29399600
29377710
29370566
29369087
29438492
29421210
29417136
29318015
29370962
29317331
29248968
29094430
29129648
29037115
28913929
28723095
28695134
28591200
28452535
28197971
28148527
27909094
27865262
27682088
