19129695
19197894
19196591
19269650
19278559
19291281
19252169
19289960
19261146
19288460
19273078
19282400
19251070
19270452
19256610
19263909
19243350
19262867
19256328
19263743
19246550
19258726
19245435
19273768
19273343
19283077
19260900
19267254
19281252
19262102
19288057
19274340
19289674
19257118
19283109
19274429
19278676
19259503
19310617
19307401
19312642
19302435
19331936
19333733
19344853
19291015
19339833
19319887
19334380
19292851
19308040
19289116
19298243
19286187
19293659
19285970
19295107
19284774
19282901
19299054
19287498
19295982
19275705
19307654
19300360
19306211
19268608
19312304
19286573
19298270
19249010
19239767
19252382
19207509
19208929
19164550
19175634
19107023
19060437
18964379
18938047
18856076
18803941
18756715
18808323
18797368
18811315
18803194
18900169
18931469
19004406
19008134
19062819
19039068
19108375
19079161
19107408
19068820
19105960
19098130
19158824
19141642
19193530
19175423
19228572
19193999
19214964
19176278
19185033
19138969
19140419
19125671
19209927
19256352
19309256
19301381
19361671
19390599
19402066
19437721
19395933
19375432
19338307
19347635
19294394
19242410
19172660
19184562
19162772
19198641
19165129
19204311
19174853
19206242
19192431
19202371
19179961
19198419
19146445
19142733
19109427
19176219
19195702
19234087
19207746
19247947
19235696
19233004
19187351
19231652
19240858
19279643
19253490
19298663
19285291
19303077
19266982
19300930
19255508
19235108
19190066
19216109
19204505
19210104
19186622
19203881
19184529
19195433
19169028
19197856
19182152
19192746
19163257
19183991
19169468
19175488
19161233
31542194
31549758
31549504
31550252
31540035
31550254
31548150
31551932
31548808
31552487
31550899
31554532
31553816
31551018
31540905
31540007
31539762
31539985
31533408
31531546
31534662
31539090
31534805
31536378
31532727
31532279
31531168
31533873
31526731
31526195
31525297
31524718
31528929
31525235
31526916
31521235
31524110
31532175
31530865
31534102
31530180
31536202
31534502
31535704
31528893
31530233
31530255
31530309
31518528
31525059
31521642
31520318
31525409
31518678
31519091
31521922
31519780
31522169
31508636
31513029
31510562
31511663
31514877
31522025
31519618
31522367
31519817
31526235
31521921
31524552
31518166
31524674
31527135
31530631
31525098
31529115
31528052
31528857
31520154
31527277
31524378
31526663
31521605
31527283
31524492
31525123
31518520
31523651
31521639
31526311
31525213
31527614
31525013
31526264
31522716
31525009
31521925
31521397
31524257
31519710
31524033
31523066
31524733
31521954
31526015
31524770
31526161
31522969
31529841
31528467
31531064
31524282
31528237
31531186
31532884
31528108
31527361
31530947
31527316
31528387
31527807
31531629
31528758
31531956
31536642
31529683
31531881
31531845
31538354
31540992
31543726
31545261
31544381
31545829
31547161
31549646
31544066
31546828
31541135
31537622
31531285
31520252
31520200
31513008
31515385
31516341
31520099
31515858
31521589
31519310
31520813
31515080
31514660
31515684
31511424
31515033
31513423
31513329
31515658
31511905
31511863
31516375
31513101
31517781
31512671
31522241
31523917
31526712
31527445
31534893
31536306
31543295
31542398
31553058
31552778
31560751
31558082
31561161
31560114
31562201
31558978
31562065
31560212
31560777
31556197
31558213
31557532
31560215
31559098
31560003
31557085
31567834
31565899
31569633
31566531
31566158
31558136
31574725
31567384
31571281
31555748
31565057
31555507
31556446
31565518
31558679
31559005
31566210
31558885
31552999
31552689
31555993
31552719
31556712
31551977
31553856
31558378
31557355
31559652
31552156
31557748
31553946
31554372
31561664
31554659
31557916
31560964
31558700
31557581
31552555
31555185
31551592
31555932
31554189
31557240
31548145
31552357
31550295
31553182
31542191
31548907
31539971
31539703
31542505
31529259
31536305
31526732
31527736
31519874
31521118
31520542
31526921
31521847
31535663
31528354
31535024
31531491
31530939
31538456
31530695
31526021
31524669
31522964
31527320
31523877
31527124
31523311
31526215
31523917
31525107
31520334
31520682
31518046
31519293
31517095
31520830
31520002
31522260
31520922
31521710
31516266
31519998
31519686
31520322
31518004
31519479
31513898
31514711
31519005
31515817
31514787
31514400
31511138
31516529
31512459
31510086
31512391
31510721
31512526
31517741
31514018
31514500
31513847
31517791
31514550
31517955
31515822
31520755
31519822
31522354
31514317
31516410
31514682
31516485
31516057
31520666
31515981
31521551
31521358
31525018
31518067
31518598
31519635
31525633
31520455
31528743
31527200
31527282
31516567
31512800
31512864
31503668
31504176
31505466
31498828
31506007
31501542
31505056
31502762
31502504
31508974
31500919
31502938
31501747
31509491
31505773
31511032
31517626
31511904
31515633
31527548
31519015
31524266
31529840
31536728
31531298
31542340
31540484
31541876
31530350
31531413
31528503
31526167
31526472
31522942
31526220
31521727
31523808
31520252
31521808
31517032
31562887
31519939
31539603
31535426
31541096
31527953
31537506
31526715
31539625
31528561
31538304
31532228
31545597
31539855
31542579
31528581
31536352
31531671
31535895
31530633
31532170
31526414
31528720
31523089
31522876
31528533
31524184
31524817
31527711
31525146
31528716
31527040
31529323
31525325
31529128
31527785
31533259
31530812
31532855
31530188
31531785
31531060
31535731
31535308
31535270
31531581
31535221
31531463
31529062
31519802
31518018
31517548
