13461640
13503083
13577549
13670720
13669932
13771750
13863846
13962723
14082659
14085036
14185410
14009131
13960298
13735596
13734221
13503006
13265753
13132382
13087148
13088171
13067085
13071985
13068073
13067284
13059333
13048126
13030384
12986140
12935439
12931056
12886260
12864332
12821150
12823557
12826759
12790829
12759405
12758797
12748178
12753184
12745809
12673829
12612731
12635500
12631460
12628343
12543505
12553930
12554639
12556863
12547419
12513993
12468771
12509123
12502248
12511955
12525447
12512099
12522480
12518865
12604481
12722769
12888899
13202229
13195144
13439439
13590367
13896216
14147756
14145336
14257318
14488411
14528446
14665895
14674445
14616088
14627253
14539777
14523984
14521720
14427926
14394576
14256806
14137397
14139146
14025471
13789622
13714570
13482783
13486970
13402999
13371627
13300970
13201055
13194388
13106800
13088668
13130294
13218611
13222446
13294323
13282591
13307157
13455452
13457500
13618787
13751577
13865933
13961472
13960447
14111275
14203479
14330917
14430315
14435907
14525204
14623736
14773930
14950139
14947882
15095225
15142269
15141302
15086082
15086190
14944958
14833522
14712039
14577665
14573103
14432979
14514249
14652494
14780516
14782341
14651277
14597063
14279192
13352172
13346957
12766160
12340976
11765736
11315120
11304882
11036036
10802949
10567236
10171138
10173386
9847489
9650816
9554276
9504132
9504132
9504132
9504234
9504132
9504132
9504132
9512019
9518716
9551192
9593266
9589264
9651647
9723196
9811971
9811178
9914693
10046846
10185117
10357784
10362017
10554368
10766771
11023872
11339421
11339843
11675473
12063975
12533098
13020726
13024059
13635903
14371157
15166205
16112034
16106115
17384866
18878144
20039839
20991161
20984311
21981034
22902509
23556571
24135240
24143339
24331099
24280063
24214506
24312477
24300975
24353754
24223327
24211271
24287206
24296018
24332597
24254963
24257553
24286627
24311021
24349876
24367699
24410007
24457337
24456143
24478324
24512864
24723472
24720605
24731469
24739430
24790047
24959697
24983754
25006717
25042225
25079477
25097212
25093746
25099512
25107536
25101993
24983643
24838075
24897310
24938404
24924961
24800575
24676063
24680928
24682530
24690486
24613295
24580992
24602464
24600680
24618038
24655254
24728160
24751699
24751768
24672217
24662790
24783398
24789644
24836432
24796216
24774911
24846224
24851311
24823347
24787101
24815506
24774763
24793792
24757490
24787907
24833041
24794779
24786050
24692878
24708544
24839618
24831245
24818311
24816347
24878702
25037968
25079709
25106279
25185500
25296638
25304311
25365071
25379480
25505324
25621478
25515077
25481307
25478711
25587761
25627441
25525136
25382299
25399734
25370717
25316693
25239524
24556385
24547999
24435170
24106735
24111261
24202844
24190475
24192764
24108934
24129528
24168596
24192998
24221875
24197248
24156331
24188903
24202220
24176355
24200538
24274330
23565170
23583845
23448867
23319863
23343160
23326427
23326830
23317057
23264342
23384982
22517280
22528795
22288347
22159594
22218384
22225220
22229476
22249012
22276194
22344201
22369523
22380468
22471392
22551503
22556802
22621657
22611439
22645003
22647378
22664810
22616934
22630836
22600929
22575986
22531602
22523514
22524547
22456686
22370029
22344382
22344288
22358880
22346645
22333414
24287225
24889531
24887658
23547388
24499010
24590112
24593291
24591607
24568531
24610458
24642621
24573894
24563726
24532215
24580550
24622493
24595271
24609216
24572962
24597982
24624587
24605598
24609934
24615066
24615430
24620902
24608829
24628399
24717294
24741945
24677492
24696758
24688738
24845769
24910799
24938561
24942719
24962600
25024330
25084409
25116001
25151687
25167278
25132059
25132711
25138184
25198980
25216721
25129064
25017679
25034848
25036475
25037796
24985870
24933926
24898829
24912022
24887761
24885145
24902919
24945926
24947425
24897679
24869291
24969422
25031683
25046552
24989026
24989427
25035242
25086927
25075252
25047661
25064062
25111382
25115397
25109392
25126062
25221179
25220170
25135421
25130132
25166774
25224232
25228377
25148778
25156244
25548533
25828768
25936154
26099413
26096258
26200873
26248694
26193675
26300011
26293761
26400515
26312228
26265514
26367540
26370920
26497604
26450312
26413451
26422461
26439302
26503048
26464200
26504213
26557568
26543681
26498965
26459241
26610465
26609799
26626821
26479400
26420015
26498949
26566136
26552003
26486431
26456978
26483508
26451634
26456984
26467098
26483716
26498039
26380280
26395576
26461309
26599540
26584919
26484769
26490403
26548376
26662519
26697629
26648306
26681596
26714447
26744716
26700981
26794462
26794872
26868177
26760660
26710417
26804001
26819209
26900970
26817501
26678723
26774215
26748129
26789135
26773661
26719824
26737929
26738754
26743271
26699205
26787414
26809304
26790860
26675387
26722126
26857274
26500138
26508774
26427145
26366135
26350760
26389381
26370857
26424469
26387864
26373886
26366472
26368486
26362164
26380968
26358896
26395342
26394982
26510450
26604314
26640181
26711455
26701831
26632406
26567322
26592250
26539643
26551940
26498369
26483805
26405335
26427880
26420003
26382145
26348007
26349940
26331321
26357696
26369405
26381985
26360530
26402634
26397806
26419525
26344745
26303370
26303757
26313680
26343694
26333629
26292351
26296162
26300925
26292763
23747263
23858539
24362007
24416421
24801086
25300405
25955780
26031537
26045866
26183305
26140160
