17556341
17561890
17560924
17583740
17614148
17659389
17683367
17706006
17683152
17748931
17741059
17738519
17642909
17656507
17645108
17646528
17621500
17647941
17636062
17637100
17612077
17642324
17638672
17649013
17615997
17640892
17683133
17657725
17650182
17629613
17677871
17669829
17671579
17630971
17644263
17673533
17663909
17604047
17568661
17518052
17486463
17482573
17537265
17617091
17623657
17633042
17635564
17659792
17646676
17636499
17615859
17636317
17613281
17612202
17572476
17577230
17587682
17563384
17579670
17563610
17585639
17561571
17585125
17552651
17555280
17529849
17531328
17510310
17508107
17489659
17348508
17363111
17372649
17305735
17285148
17262905
17272877
17257511
17288135
17272600
17290243
17278017
17265311
17230912
17231687
17250714
17236904
17245423
17231397
17254400
17236288
17247186
17233522
17255030
17553128
18215958
18867861
19141885
19240797
19336495
19316657
19245223
19287926
19285172
19327002
19276384
19336755
19294414
19305126
19253199
19310215
19280635
19281807
19227687
19278335
19261151
19295990
19257318
19280899
19271732
19265787
19259983
19261632
19280765
19309482
19348249
19389077
19410386
19385575
19342455
19313227
19311899
19310168
19324965
19340584
19349845
19340526
19350032
19360681
19368294
19375353
19392404
19403535
19454225
19456700
19469929
19422806
19401632
19380133
19368221
19370837
19388118
19389005
19388169
19399428
19405187
19395125
19390633
19400417
19443979
19425247
19432591
19424386
19439196
19408570
19517259
19642946
19818958
19898316
20086567
20408837
20656411
20718989
20926792
21408361
22196357
22704021
23069640
23331543
23739734
23991646
24133946
23998038
23945826
23856684
23837350
23797315
23858777
23850449
23947161
23946450
24035237
23994015
24054336
24031837
24069004
24034999
24059793
24012776
24054817
24010028
24014987
24007864
24060973
23994068
24015512
23969271
24028192
24085643
24174371
24251263
24426188
24626477
24788797
25006606
25126800
25427032
25710368
26056914
26307082
26629629
26812682
26982628
27074180
27136490
27072128
27040856
26919801
26883517
26851147
26855524
26921356
26815646
26862742
26814640
26801210
26736109
26785869
26914685
26983996
27109134
27203449
27357835
27457824
27602413
27601515
27590924
27644480
27640405
27740865
27823938
28001672
28131636
28289371
28331340
28361854
28380379
28450162
28470901
28601380
28589700
28605312
28640690
28640375
28624619
28607735
28675619
28675407
28740885
28718620
28822344
28826056
28829576
28801262
28855697
28836501
28890059
28883208
28899045
28821809
28792219
28747007
28704812
28572319
28505320
24045999
24358923
24464549
24498414
24462011
24459399
24442216
24582377
24809539
24928808
25152036
25154511
25135797
25037103
25030192
24941140
24941461
24833175
24789731
24634020
24601954
24487212
24526420
24499045
24620808
24542371
24531695
24451142
24482719
24458938
24448024
24393560
24448090
24358861
24371986
24311006
24334886
24274344
24363315
24386865
24440666
24406595
24503254
24467801
24499050
24454606
24474149
24555450
24528712
24600436
24591604
24457088
24223122
24080549
23834249
23701463
23508458
23490967
23429956
23571163
23792889
24042854
24305205
24550789
24817834
25156072
25432589
25762909
25947222
26214398
26318303
26499962
26541468
26663864
26636508
26723227
26752243
26806821
26839737
26875252
26850849
26886983
26913827
26938972
26902316
26977970
26984333
27025562
26989240
26978375
26931133
26922568
26890541
26898520
26841226
26852353
26781002
26821070
26748402
26797515
26749427
26732899
26635667
26634668
26554953
26526291
26393587
26409529
26334464
26365016
26295308
26295316
26179673
26206753
26150213
26207739
26222099
26307540
26303432
26366825
26337339
26369417
26326488
26312047
26234802
26319419
26358257
26449641
26478156
26591504
26673132
26746817
26692334
26717899
26645294
26615905
26553731
26616338
26636068
26676100
26638616
26662105
26617563
26630588
26664955
26932796
27161125
27307169
27335722
27264182
27157471
27146184
27103195
27134740
27062838
27048197
26914574
26712775
26378664
26129755
25906099
25846061
25823346
25918977
25984279
26104278
26142377
26212146
26269920
26418325
26411047
26375016
26266082
26238158
26133519
26084886
26076966
26141487
26106555
26164081
26140793
26209007
26175309
26207537
26210258
26302102
26307356
26375255
26490192
26695650
26906856
27014792
26956223
26967823
26859469
26824746
26776268
26601226
26557061
26639794
26622794
26640286
26674200
26614665
26628456
26595855
26621520
26649266
26607624
26415150
26238704
26073476
26041497
25976836
25980898
25975349
25950160
25831229
25735871
25620372
25500578
25282889
25165377
25030501
24962032
24881854
24851079
24780439
24758007
24653821
24618854
24497854
24396907
24141196
23946605
23663620
23432600
23218124
23110735
23001052
22857395
22690272
22424823
22319971
22305887
22333521
22319312
22345327
22382849
22333436
22341560
22301835
22320608
22264062
22240357
22301871
22389389
22467095
22781533
23475076
24184123
24708116
25135559
25443029
25764233
26037747
26231959
26511272
26688473
26887204
27092310
27400437
27691256
27721166
27654426
27581798
27570792
27528743
27575152
27551570
27623708
27572375
27610395
27561275
27577659
27533512
27583965
27577220
27617671
27565440
27657584
27721029
27752783
27703720
27685995
27610032
27575129
27527026
27533197
27569622
27622943
27624286
27675711
27632288
27665445
27605252
27593028
27542569
27554517
27532452
27575552
27559865
27582687
27554609
27559961
